-0.00012659790312475848
-0.00025476271305323734
-0.00038454530838859534
-0.000515999432851024
-0.0006491819342842183
-0.0007841530304966425
-0.0009209766057624876
-0.0010597205424520677
-0.0012004570930769112
-0.0013432632989935688
-0.0014882214631846712
-0.0016354196859917289
-0.0017849524744355484
-0.0019369214379751616
-0.00209143608629251
-0.002248614748149948
-0.0024085856347076844
-0.002571488076266381
-0.0027374739685200526
-0.00290670947365876
-0.003079377033772417
-0.003255677769984142
-0.0034358343621323493
-0.003620094532694256
-0.0038087352982310294
-0.004002068206566936
-0.004200445855407483
-0.00440427009921196
-0.0046140025134252015
-0.004830177927217474
-0.005053422205152026
-0.005284476036399069
-0.0055242274223188245
-0.0057737571073057155
-0.006034403890638786
-0.00630786163899987
-0.006596329157284567
-0.006902753132748564
-0.007231246505501584
-0.007587867802546006
-0.007982236345380244
-0.008431441310771254
-0.008972221379896098
-0.009725890585816665
-0.027171483668572995
-0.02728926335390676
-0.027405455783059127
-0.027520121177140484
-0.027633315937173584
-0.027745092980565367
-0.02785550204008989
-0.027964589930385184
-0.028072400786198628
-0.028178976275968232
-0.02828435579381374
-0.028388576632550736
-0.028491674139989213
-0.02859368186045552
-0.02869463166321624
-0.028794553859271568
-0.028893477307778182
