0.0099999998 -0.00030285231
0.02 -0.0016632573
0.029999999 -0.0046329736
0.039999999 -0.009102812
0.050000001 -0.014869449
0.059999999 -0.02214459
0.07 -0.031013397
0.079999998 -0.041231621
0.090000004 -0.05282801
0.1 -0.066018648
0.11 -0.080662601
0.12 -0.096581623
0.13 -0.11399386
0.14 -0.13293432
0.15000001 -0.15313062
0.16 -0.17462
0.17 -0.19759026
0.18000001 -0.22185218
0.19 -0.24720266
0.2 -0.27382186
0.20999999 -0.30168399
0.22 -0.33048177
0.23 -0.36021701
0.23999999 -0.39098451
0.25 -0.42251849
0.25999999 -0.45459655
0.27000001 -0.48732087
0.28 -0.52054888
0.28999999 -0.55391806
0.30000001 -0.58738124
0.31 -0.62092125
0.31999999 -0.65419781
0.33000001 -0.6869505
0.34 -0.71917468
0.34999999 -0.75065231
0.36000001 -0.78102177
0.37 -0.810175
0.38 -0.83799797
0.38999999 -0.86417103
0.40000001 -0.88847303
0.41 -0.91083694
0.41999999 -0.93105245
0.43000001 -0.94887227
0.44 -0.96421885
0.44999999 -0.97699493
0.46000001 -0.98703146
0.47 -0.99424732
0.47999999 -0.99861431
0.49000001 -1.0000737
0.5 -0.99861425
0.50999999 -0.9942553
0.51999998 -0.98701173
0.52999997 -0.9769727
0.54000002 -0.96424162
0.55000001 -0.94886678
0.56 -0.93099159
0.56999999 -0.91084182
0.57999998 -0.88850754
0.58999997 -0.86410785
0.60000002 -0.837946
0.61000001 -0.81022525
0.62 -0.78100753
0.63 -0.75055075
0.63999999 -0.71919227
0.64999998 -0.68699801
0.66000003 -0.65409815
0.67000002 -0.62086397
0.68000001 -0.58746105
0.69 -0.55388784
0.69999999 -0.52041894
0.70999998 -0.48736084
0.72000003 -0.45465875
0.73000002 -0.42239529
0.74000001 -0.39092901
0.75 -0.36031407
0.75999999 -0.33044392
0.76999998 -0.30155548
0.77999997 -0.27387923
0.79000002 -0.24725868
0.80000001 -0.22172113
0.81 -0.19755934
0.81999999 -0.17472838
0.82999998 -0.15307699
0.83999997 -0.13281165
0.85000002 -0.11407387
0.86000001 -0.096640371
0.87 -0.080527477
0.88 -0.065999962
0.88999999 -0.052943897
0.89999998 -0.041178405
0.91000003 -0.030905675
0.92000002 -0.02223492
0.93000001 -0.014919156
0.94 -0.0089735445
0.94999999 -0.0046420116
0.95999998 -0.0017816853
0.97000003 -0.00023423909
0.98000002 -0.0002115446
0.99000001 -0.0017768282
1 -0.004677488
1.01 -0.0089723291
1.02 -0.014895673
1.03 -0.022267781
1.04 -0.030945215
1.05 -0.041158546
1.0599999 -0.052946184
1.0700001 -0.066054188
1.08 -0.080547109
1.09 -0.096631154
1.1 -0.11411113
1.11 -0.13285731
1.12 -0.15307924
1.13 -0.17475444
1.14 -0.1976188
1.15 -0.22173904
1.16 -0.24726765
1.17 -0.27394176
1.1799999 -0.30161008
1.1900001 -0.33044609
1.2 -0.36034918
1.21 -0.39100507
1.22 -0.42242798
1.23 -0.45467475
1.24 -0.4874208
1.25 -0.52047694
1.26 -0.55390865
1.27 -0.58750629
1.28 -0.62092847
1.29 -0.65412629
1.3 -0.68702674
1.3099999 -0.71925569
1.3200001 -0.75059712
1.33 -0.78102189
1.34 -0.81026554
1.35 -0.83800161
1.36 -0.86413157
1.37 -0.8885259
1.38 -0.91088003
1.39 -0.93102098
1.4 -0.94887948
1.41 -0.96426147
1.42 -0.97699285
1.4299999 -0.98701924
1.4400001 -0.99426156
1.45 -0.99861974
1.46 -1.0000738
1.47 -0.99861252
1.48 -0.9942382
1.49 -0.98701477
1.5 -0.97698563
1.51 -0.96420628
1.52 -0.9488408
1.53 -0.93102539
1.54 -0.91082108
1.55 -0.88843799
1.5599999 -0.86412728
1.5700001 -0.8379764
1.58 -0.81014168
1.59 -0.78096247
1.6 -0.75061768
1.61 -0.71915627
1.62 -0.68689173
1.63 -0.65413356
1.64 -0.62090325
1.65 -0.58734953
1.66 -0.55384499
1.67 -0.52050596
1.6799999 -0.48730329
1.6900001 -0.45454118
1.7 -0.42246035
1.71 -0.39096797
1.72 -0.36017877
1.73 -0.33041406
1.74 -0.30166253
1.75 -0.27381235
1.76 -0.24714065
1.77 -0.22180058
1.78 -0.19759619
1.79 -0.17459656
1.8 -0.15306632
1.8099999 -0.13291752
1.8200001 -0.11399771
1.83 -0.096540242
1.84 -0.080627985
1.85 -0.06602753
1.86 -0.052807827
1.87 -0.041189685
1.88 -0.031022225
1.89 -0.022154201
1.9 -0.014827147
1.91 -0.0090864226
1.92 -0.0046673161
1.9299999 -0.0016560383
1.9400001 -0.00026466526
1.95 -0.00032116144
1.96 -0.0016911154
1.97 -0.0046121562
1.98 -0.0090998663
1.99 -0.014905146
2 -0.02214662
2.01 -0.031001695
2.02 -0.041271146
2.03 -0.052856043
2.04 -0.066001467
2.05 -0.08068309
2.0599999 -0.096640915
2.0699999 -0.11400317
2.0799999 -0.13292623
2.0899999 -0.15318313
2.0999999 -0.17466848
2.1099999 -0.19759141
2.1199999 -0.22188018
2.1300001 -0.24726327
2.1400001 -0.27384481
2.1500001 -0.30170202
2.1600001 -0.33054531
2.1700001 -0.36026102
2.1800001 -0.39099291
2.1900001 -0.42256907
2.2 -0.45466891
2.21 -0.48734313
2.22 -0.52056891
2.23 -0.55398834
2.24 -0.58743566
2.25 -0.62093788
2.26 -0.65424275
2.27 -0.6870122
2.28 -0.71920449
2.29 -0.75068223
2.3 -0.78107774
2.3099999 -0.8102113
2.3199999 -0.83801562
2.3299999 -0.86421281
2.3399999 -0.88851613
2.3499999 -0.91085219
2.3599999 -0.93107015
2.3699999 -0.94890553
2.3800001 -0.96423858
2.3900001 -0.97700208
2.4000001 -0.98704422
2.4100001 -0.99425763
2.4200001 -0.99861699
2.4300001 -1.0000737
2.4400001 -0.99860889
2.45 -0.99424851
2.46 -0.987005
2.47 -0.97695291
2.48 -0.96421778
2.49 -0.94885617
2.5 -0.93097043
2.51 -0.91079807