5e-05
0.0001
0.00015
0.0002
0.00025
0.00030000000000000003
0.00035000000000000005
0.0004
0.00045
0.0005
0.0005499999999999999
0.0006
0.0006499999999999999
0.0007
0.00075
0.0008
0.0008500000000000001
0.0009000000000000001
0.0009500000000000002
0.0010000000000000002
0.0010500000000000004
0.0011000000000000003
0.0011500000000000004
0.0012000000000000003
0.0012500000000000002
0.0013000000000000004
0.0013500000000000003
0.0014000000000000004
0.0014500000000000006
0.0015000000000000005
0.0015500000000000006
0.0016000000000000007
0.0016500000000000006
0.0017000000000000008
0.0017500000000000007
0.0018000000000000008
0.001850000000000001
0.0019000000000000009
0.001950000000000001
0.002000000000000001
0.002050000000000001
0.002100000000000001
0.0021500000000000013
0.002200000000000001
0.002250000000000001
0.0023000000000000013
0.0023500000000000014
0.0024000000000000015
0.0024500000000000012
0.0025000000000000014
0.002550000000000001
0.002600000000000001
0.0026500000000000013
0.0027000000000000014
0.0027500000000000016
0.0028000000000000013
0.0028500000000000014
0.0029000000000000015
0.0029500000000000017
0.003000000000000002
0.0030500000000000015
0.0031000000000000016
0.0031500000000000018
0.003200000000000002
0.003250000000000002
0.0033000000000000017
0.003350000000000002
0.003400000000000002
0.003450000000000002
0.0035000000000000022
0.003550000000000002
0.003600000000000002
0.003650000000000002
0.0037000000000000023
0.0037500000000000025
0.003800000000000002
0.0038500000000000023
0.0039000000000000024
0.003950000000000002
0.004000000000000003
0.004050000000000002
0.004100000000000003
0.004150000000000003
0.004200000000000002
0.004250000000000003
0.004300000000000003
0.004350000000000003
0.004400000000000003
0.0044500000000000026
0.004500000000000003
0.004550000000000003
0.004600000000000003
0.004650000000000003
0.004700000000000003
0.004750000000000003
0.004800000000000003
0.004850000000000004
0.004900000000000003
0.004950000000000003
0.005000000000000004
