7080.701556358638
14157.953041682915
21231.228716064878
28300.516080064514
35365.8025975507
42427.07569539389
49484.32276320184
56537.531153326505
63586.688180417805
70631.78112156726
77672.79721540773
84709.72366236773
91742.54762436119
98771.25622377024
105795.83654381003
112816.27562744218
119832.56047722707
126844.6780547062
133852.61527944624
140856.35902872728
147855.89613624892
154851.21339128714
161842.29753808872
168829.13527371903
175811.71324752085
182790.01805891294
189764.03625578483
196733.75433253992
203699.15872694674
210660.2358183345
217616.97192362993
224569.35329357284
231517.36610886327
238460.99647423654
245400.23041319003
252335.05386065788
259265.45265436638
266191.4125255934
273112.9190869609
280029.9578188348
286942.51405250723
293850.57294987794
300754.11947937874
307653.13838641706
314547.61415665405
321437.53097247024
328322.872656629
335203.622604721
342079.7636982359
348951.2781956874
355818.14759417064
362680.35244984005
369537.87214668974
376390.68459184567
383238.7658129595
390082.0894166217
396920.6258536088
403754.34140518337
410583.1967653703
417407.14502081036
424226.12871977454
431040.075529226
437848.8916429982
444652.4515109888
451450.581338131
458243.0316406717
465029.42971805786
471809.1933559434
478581.36505082867
485344.2711172415
492094.759348289
498826.30453873135
505523.61874436494
512144.4111991962
518544.24584658106
524172.2964848868
527979.1272843967
530250.297562202
531885.7588356552
533260.5703214929
534507.0285141368
535680.0278604644
536806.1474823387
537899.8347632313
538969.6508475482
540021.0152856184
541057.541134851
542081.7401194912
543095.4192482107
544099.9164694811
545096.2469654467
546085.1974425766
547067.3854713393
548043.3171965447
549013.3932546
549977.9482339701
550937.2612955964
551891.5678839763
552841.0685489412
553785.9356841801
