0.00000000000E+0000 -5.90106359824E+0007 -5.90106359824E+0007 -5.90106359824E+0007
5.00000000000E+0000 -5.17750687815E+0007 -5.17750687815E+0007 -5.17750687815E+0007
1.00000000000E+0001 -4.58981892981E+0007 -4.72568770155E+0007 -4.45395015807E+0007
1.50000000000E+0001 -4.60729156494E+0007 -4.60729156494E+0007 -4.60729156494E+0007
2.00000000000E+0001 -4.49681533162E+0007 -4.50473523492E+0007 -4.48889542832E+0007
2.50000000000E+0001 -4.36636004515E+0007 -4.36636004515E+0007 -4.36636004515E+0007
3.00000000000E+0001 -4.22870491568E+0007 -4.22942497597E+0007 -4.22798485539E+0007
3.50000000000E+0001 -4.03895486070E+0007 -4.03895486070E+0007 -4.03895486070E+0007
4.00000000000E+0001 -3.84886927193E+0007 -3.84925379844E+0007 -3.84848474543E+0007
4.50000000000E+0001 -3.60958560732E+0007 -3.60958560732E+0007 -3.60958560732E+0007
5.00000000000E+0001 -3.37034782321E+0007 -3.37077823022E+0007 -3.36991741619E+0007
5.50000000000E+0001 -3.08797134240E+0007 -3.08797134240E+0007 -3.08797134240E+0007
6.00000000000E+0001 -2.80565339383E+0007 -2.80614233308E+0007 -2.80516445458E+0007
6.50000000000E+0001 -2.48746052276E+0007 -2.48746052276E+0007 -2.48746052276E+0007
7.00000000000E+0001 -2.16931677884E+0007 -2.16985484524E+0007 -2.16877871244E+0007
7.50000000000E+0001 -1.82346824590E+0007 -1.82346824590E+0007 -1.82346824590E+0007
8.00000000000E+0001 -1.47765650774E+0007 -1.47823136893E+0007 -1.47708164656E+0007
8.50000000000E+0001 -1.11299348654E+0007 -1.11299348654E+0007 -1.11299348654E+0007
9.00000000000E+0001 -7.48353249623E+0006 -7.48950895094E+0006 -7.47755604151E+0006
9.50000000000E+0001 -3.74172767488E+0006 -3.74172767488E+0006 -3.74172767488E+0006
1.00000000000E+0002 6.05360118183E+0003 6.05360118183E+0003 6.05360118183E+0003
