0 -3815.3755
0.12271 -3681.2253
0.24534 -3507.2539
0.36781999 -3481.5684
0.49009001 -3403.8643
0.61205 -3303.6875
0.73365003 -3203.3894
0.85481 -3107.0957
0.97544998 -3013.0393
1.09551 -2920.0085
1.2149 -2827.5059
1.33356 -2735.4368
1.4514199 -2644.3723
1.56841 -2554.1462
1.68445 -2464.8125
1.79948 -2376.738
1.91342 -2289.603
2.0262101 -2203.3254
2.13778 -2118.1018
2.24806 -2034.2218
2.3569801 -1951.3936
2.4644899 -1869.9063
2.5705099 -1789.662
2.6749899 -1710.4862
2.7778499 -1632.7623
2.87904 -1556.7448
2.9784999 -1481.8395
3.07616 -1408.3649
3.1719699 -1336.4292
3.2658601 -1266.2404
3.35779 -1197.7115
3.4477 -1130.5336
3.5355301 -1065.4471
3.6212399 -1002.0158
3.7047601 -940.11017
3.7860401 -880.38519
3.8650501 -822.27924
3.94173 -765.98871
4.0160398 -711.45172
4.0879202 -659.01147
4.1573501 -608.55853
4.2242699 -559.6875
4.28864 -512.84021
4.35043 -468.15201
4.4096098 -425.34879
4.4661198 -384.47549
4.5199499 -345.64029
4.5710502 -308.74298
4.6194 -273.89655
4.6649599 -241.22917
4.7077198 -210.55731
4.7476401 -181.81415
4.7846999 -155.28917
4.8188801 -130.82336
4.8501601 -108.27659
4.87851 -87.939209
4.9039302 -69.656929
4.9263902 -53.487865
4.9458799 -39.529865
4.9624 -27.747168
4.9759202 -18.225004
4.9864502 -10.873955
4.9939799 -5.5013604
4.9984899 -2.0862134
5 -1.5204009