0 1987.1841
0.1636 1830.3051
0.32701999 1668.9541
0.49009001 1557.3512
0.65262997 1447.6211
0.81448001 1337.9996
0.97544998 1230.7827
1.13538 1126.2032
1.2941 1025.7784
1.4514199 928.2124
1.6072 833.5498
1.76125 741.13599
1.91342 651.66498
2.06354 564.90338
2.2114401 480.05661
2.3569801 398.04324
2.5 318.68564
2.6403401 241.61644
2.7778499 166.72359
2.91239 93.910896
3.0438099 24.303892
3.1719699 -43.354336
3.29673 -108.97043
3.4179599 -172.05699
3.5355301 -232.83748
3.6493199 -291.10257
3.7592001 -347.04907
3.8650501 -400.46567
3.9667699 -451.78027
4.06423 -501.10654
4.1573501 -547.29028
4.2460098 -591.30707
4.3301301 -633.06708
4.4096098 -672.539
4.4843602 -709.4162
4.5543199 -743.48846
4.6194 -775.61346
4.6795301 -805.22925
4.7346501 -832.16779
4.7846999 -857.07159
4.8296299 -879.54767
4.86938 -899.8078
4.9039302 -917.19025
4.9332199 -933.34302
4.9572201 -948.36377
4.9759202 -960.03027
4.9892902 -959.23956
4.9973202 -920.39484
5 -87