0 -1140.8503
0.12271 -112.43164
0.24534 1703.9987
0.36781999 2870.866
0.49009001 3153.4646
0.61205 3028.656
0.73365003 2799.709
0.85481 2583.3433
0.97544998 2400.4307
1.09551 2240.9656
1.2149 2093.3828
1.33356 1950.1869
1.4514199 1809.0806
1.56841 1670.8187
1.68445 1534.9406
1.79948 1401.5219
1.91342 1271.3409
2.0262101 1143.7167
2.13778 1018.4343
2.24806 895.98779
2.3569801 776.45929
2.4644899 659.50995
2.5705099 545.52191
2.6749899 434.05856
2.7778499 324.82944
2.87904 218.37169
2.9784999 114.96514
3.07616 13.775017
3.1719699 -85.076103
3.2658601 -181.47853
3.35779 -274.85287
3.4477 -365.71057
3.5355301 -454.29758
3.6212399 -539.92035
3.7047601 -623.23956
3.7860401 -703.99933
3.8650501 -781.72443
3.94173 -857.0127
4.0160398 -929.9079
4.0879202 -1000.4826
4.1573501 -1067.9989
4.2242699 -1132.6952
4.28864 -1195.0612
4.35043 -1254.8378
4.4096098 -1311.6942
4.4661198 -1365.9365
4.5199499 -1417.3701
4.5710502 -1466.0933
4.6194 -1512.4615
4.6649599 -1556.2867
4.7077198 -1597.0176
4.7476401 -1635.2269
4.7846999 -1670.8589
4.8188801 -1703.3397
4.8501601 -1733.4502
4.87851 -1761.3838
4.9039302 -1786.6705
4.9263902 -1809.8329
4.9458799 -1830.6451
4.9624 -1848.4738
4.9759202 -1861.5918
4.9864502 -1865.7057
4.9939799 -1855.1246
4.9984899 -1828.3647
5 -1808.0304