0 11.490835
0.12271 17.512972
0.24534 16.431005
0.36781999 -8.6461754
0.49009001 -36.612553
0.61205 -61.13435
0.73365003 -83.812653
0.85481 -107.45599
0.97544998 -133.74184
1.09551 -162.89293
1.2149 -194.68762
1.33356 -228.8214
1.4514199 -264.55774
1.56841 -301.98111
1.68445 -340.99564
1.79948 -381.05261
1.91342 -422.29556
2.0262101 -464.59537
2.13778 -507.70883
2.24806 -551.40576
2.3569801 -595.79248
2.4644899 -640.44623
2.5705099 -685.39697
2.6749899 -730.75214
2.7778499 -776.19318
2.87904 -821.2464
2.9784999 -866.44623
3.07616 -911.46265
3.1719699 -956.12469
3.2658601 -1000.2422
3.35779 -1043.8408
3.4477 -1087.2578
3.5355301 -1129.5483
3.6212399 -1171.1385
3.7047601 -1212.0786
3.7860401 -1251.8569
3.8650501 -1290.9547
3.94173 -1329.1738
4.0160398 -1366.472
4.0879202 -1402.505
4.1573501 -1437.308
4.2242699 -1471.2394
4.28864 -1504.0153
4.35043 -1535.3761
4.4096098 -1565.5455
4.4661198 -1594.4938
4.5199499 -1622.1388
4.5710502 -1648.6952
4.6194 -1673.8921
4.6649599 -1697.5121
4.7077198 -1719.7531
4.7476401 -1740.7162
4.7846999 -1760.17
4.8188801 -1778.2084
4.8501601 -1794.9321
4.87851 -1810.0923
4.9039302 -1823.8461
4.9263902 -1835.916
4.9458799 -1845.6001
4.9624 -1852.1064
4.9759202 -1853.8496
4.9864502 -1849.5756
4.9939799 -1839.0609
4.9984899 -1822.7902
5 -1808.8475