4.0517230310811355e-05
4.6640421409318696e-05
6.935199445162491e-05
0.00010689896830006608
0.0070438591025672095
0.007701728258575322
0.008544446073293207
0.009281013431988363
0.01273138206136466
0.010512525614470846
0.01109713588081473
0.011660688948364526
0.012149965910983758
0.012607345433754144
0.013035923432538524
0.013438088526873424
0.013815690982733999
0.014170156228529355
0.014502561950940653
0.014813689269976723
0.015104074985562058
0.01541901610401714
0.01571878703822334
0.01600320661509217
0.01626662848855558
0.016708235967621908
0.01699919254308218
0.01724752357046011
0.01748467314690214
0.0177108615350943
0.017926253595436616
0.018130956753285743
0.018344520693489096
0.018562101566196275
0.018771285662804227
0.018972021136433075
0.0191641918161883
0.01934760337665365
0.019521961962077703
0.01968684062422
