556974.8196213471
1113950.6492586725
1670925.3055445203
2227843.2866678806
2678122.1900612838
3111348.3885209546
3568651.0302864388
4023277.865988341
4372311.430375451
4930850.506126287
5348849.542751285
5689311.452166961
6120898.074954037
6552347.389784574
6983759.6928747045
7415207.969616428
7846744.333310182
8278403.971813629
8710207.121435894
9142159.219517391
9574247.133081034
10006430.088003436
10438601.938112216
10870285.430675203
11302928.601873485
11504188.297951493
11915179.808559198
12337469.165542383
12760264.247065468
13183567.764659064
13607383.608811004
14031713.792573662
14456558.42749317
14881915.621955475
15307781.287371296
15734148.823188433
16161008.632653011
16588347.389148984
17016146.915776648
17444382.433305353
