-0.0006
-0.0012
-0.0018
-0.0024
-0.003
-0.0036000000000000003
-0.004200000000000001
-0.0048
-0.005399999999999999
-0.005999999999999999
-0.006599999999999999
-0.007199999999999999
-0.007799999999999998
-0.0084
-0.009
-0.0096
-0.0102
-0.0108
-0.011400000000000002
-0.012000000000000002
-0.012600000000000002
-0.013200000000000003
-0.013800000000000003
-0.014400000000000003
-0.015000000000000003
-0.015600000000000003
-0.016200000000000003
-0.016800000000000006
-0.017400000000000006
-0.018000000000000006
-0.018600000000000005
-0.019200000000000005
-0.01980000000000001
-0.02040000000000001
-0.021000000000000008
-0.021600000000000008
-0.022200000000000008
-0.022800000000000008
-0.02340000000000001
-0.02400000000000001
-0.02460000000000001
-0.02520000000000001
-0.02580000000000001
-0.026400000000000014
-0.027000000000000014
-0.027600000000000013
-0.028200000000000013
-0.028800000000000013
-0.029400000000000016
-0.030000000000000013
-0.030600000000000013
-0.031200000000000012
-0.031800000000000016
-0.03240000000000001
-0.033000000000000015
-0.03360000000000002
-0.034200000000000015
-0.03480000000000002
-0.035400000000000015
-0.03600000000000002
-0.036600000000000014
-0.03720000000000002
-0.03780000000000002
-0.03840000000000002
-0.03900000000000002
-0.03960000000000002
-0.04020000000000002
-0.040800000000000024
-0.04140000000000002
-0.04200000000000002
-0.04260000000000002
-0.04320000000000002
-0.043800000000000026
-0.04440000000000002
-0.045000000000000026
-0.04560000000000002
-0.046200000000000026
-0.04680000000000003
-0.047400000000000025
-0.04800000000000003
-0.048600000000000025
-0.04920000000000003
-0.04980000000000003
-0.05040000000000003
-0.05100000000000003
-0.05160000000000003
-0.05220000000000003
-0.052800000000000034
-0.05340000000000003
-0.054000000000000034
-0.05460000000000003
-0.055200000000000034
-0.05580000000000004
-0.05640000000000003
-0.05700000000000004
-0.05760000000000003
-0.058200000000000036
-0.05880000000000004
-0.059400000000000036
-0.06000000000000004
