392.9996153906941
1596.7452776912214
3496.4038453706526
6254.088061954179
9943.22577055225
14420.800907073615
1345474.1806084882
1474326.2830880838
1826887.897215852
2181424.2659077863
2541196.557455818
2904210.3141499576
3269059.282337753
3636007.8578482275
4004591.5919831144
4374510.968000111
4745526.6607511835
5117437.430669786
5490066.988463381
5863254.7376027815
6236847.946481665
6610693.905527576
6984630.630831751
7358473.947789791
7731996.774047349
8104890.9951693155
8476685.17393802
8846513.437137447
9211422.09052859
9577634.504972083
9889804.094776703
10248933.183397558
10631253.186169554
11013762.407959547
11396406.050589755
11779131.588965755
12161881.904482814
12544592.964743163
12927190.53326708
13309585.259691697
