0.0099999998 -0.00029053498
0.02 -0.0015796794
0.029999999 -0.0044676284
0.039999999 -0.009035876
0.050000001 -0.014946798
0.059999999 -0.02207798
0.07 -0.030781671
0.079999998 -0.041172076
0.090000004 -0.052938372
0.1 -0.065947615
0.11 -0.080413468
0.12 -0.096534558
0.13 -0.11410978
0.14 -0.13283499
0.15000001 -0.15291378
0.16 -0.17459671
0.17 -0.19763814
0.18000001 -0.22176836
0.19 -0.24706763
0.2 -0.27374357
0.20999999 -0.30167586
0.22 -0.33047745
0.23 -0.36011878
0.23999999 -0.39083824
0.25 -0.42249471
0.25999999 -0.45466515
0.27000001 -0.48723975
0.28 -0.52035445
0.28999999 -0.5539037
0.30000001 -0.58749396
0.31 -0.62083703
0.31999999 -0.65400881
0.33000001 -0.68696606
0.34 -0.71925759
0.34999999 -0.75057828
0.36000001 -0.78091264
0.37 -0.81017065
0.38 -0.83803242
0.38999999 -0.86414725
0.40000001 -0.88842058
0.41 -0.91081405
0.41999999 -0.93105954
0.43000001 -0.9488818
0.44 -0.96420258
0.44999999 -0.97696847
0.46000001 -0.98703343
0.47 -0.99426061
0.47999999 -0.99861079
0.49000001 -1.0000738
0.5 -0.99861032
0.50999999 -0.99423856
0.51999998 -0.98702848
0.52999997 -0.97700387
0.54000002 -0.96421397
0.55000001 -0.94882369
0.56 -0.93102098
0.56999999 -0.91088444
0.57999998 -0.88846773
0.58999997 -0.86405021
0.60000002 -0.83795953
0.61000001 -0.8102532
0.62 -0.78099489
0.63 -0.75049579
0.63999999 -0.71912539
0.64999998 -0.68702459
0.66000003 -0.65415674
0.67000002 -0.62076807
0.68000001 -0.58731955
0.69 -0.55393958
0.69999999 -0.52051234
0.70999998 -0.48722279
0.72000003 -0.45448691
0.73000002 -0.42246035
0.74000001 -0.39101285
0.75 -0.36015883
0.75999999 -0.33028126
0.76999998 -0.30161247
0.77999997 -0.2739118
0.79000002 -0.24712783
0.80000001 -0.22160973
0.81 -0.19753061
0.81999999 -0.1747296
0.82999998 -0.15304133
0.83999997 -0.1326811
0.85000002 -0.11395659
0.86000001 -0.096669644
0.87 -0.080556005
0.88 -0.065831043
0.88999999 -0.052767787
0.89999998 -0.041241579
0.91000003 -0.030972537
0.92000002 -0.022022661
0.93000001 -0.014724392
0.94 -0.0090678334
0.94999999 -0.0046809171
0.95999998 -0.0015659068
0.97000003 -8.4796768e-005
0.98000002 -0.00025426125
0.99000001 -0.0017695697
1 -0.0045416881
1.01 -0.0088385502
1.02 -0.014841123
1.03 -0.022265732
1.04 -0.030887097
1.05 -0.041007213
1.0599999 -0.052817751
1.0700001 -0.066069558
1.08 -0.080560684
1.09 -0.096428357
1.1 -0.11393577
1.11 -0.13293721
1.12 -0.15308782
1.13 -0.17450713
1.14 -0.19747156
1.15 -0.22182761
1.16 -0.24723995
1.17 -0.27372035
1.1799999 -0.30148888
1.1900001 -0.33048105
1.2 -0.36031973
1.21 -0.39084905
1.22 -0.42230603
1.23 -0.45463902
1.24 -0.48740765
1.25 -0.52041799
1.26 -0.55375797
1.27 -0.58740038
1.28 -0.62097847
1.29 -0.65411782
1.3 -0.68684506
1.3099999 -0.71915925
1.3200001 -0.750669
1.33 -0.78101301
1.34 -0.81011969
1.35 -0.83793485
1.36 -0.86418271
1.37 -0.88851476
1.38 -0.91079319
1.39 -0.93098927
1.4 -0.94889557
1.41 -0.96425241
1.42 -0.97696787
1.4299999 -0.98700565
1.4400001 -0.99425811
1.45 -0.99862117
1.46 -1.0000738
1.47 -0.99862081
1.48 -0.9942441
1.49 -0.98699725
1.5 -0.97698814
1.51 -0.96425635
1.52 -0.94885606
1.53 -0.93096495
1.54 -0.91082168
1.55 -0.88853401
1.5599999 -0.86413234
1.5700001 -0.8378821
1.58 -0.81015098
1.59 -0.78105539
1.6 -0.75061256
1.61 -0.71908361
1.62 -0.68687499
1.63 -0.65417361
1.64 -0.6209352
1.65 -0.58731103
1.66 -0.55376178
1.67 -0.52050167
1.6799999 -0.48738623
1.6900001 -0.45452306
1.7 -0.42230365
1.71 -0.39093664
1.72 -0.36032009
1.73 -0.33037651
1.74 -0.30144328
1.75 -0.27381316
1.76 -0.24727991
1.77 -0.22171754
1.78 -0.19740623
1.79 -0.17459081
1.8 -0.15314914
1.8099999 -0.13285348
1.8200001 -0.11385157
1.83 -0.096484162
1.84 -0.080650769
1.85 -0.066018373
1.86 -0.052709691
1.87 -0.041051187
1.88 -0.03099047
1.89 -0.022233704
1.9 -0.014746078
1.91 -0.0088488255
1.92 -0.0046465662
1.9299999 -0.0017831079
1.9400001 -0.0001446778
1.95 -7.4959797e-005
1.96 -0.0016813447
1.97 -0.0047053639
1.98 -0.0089762686
1.99 -0.014691303
2 -0.022119986
2.01 -0.031038746
2.02 -0.04115938
2.03 -0.05270509
2.04 -0.065924175
2.05 -0.080647506
2.0599999 -0.096605182
2.0699999 -0.11388229
2.0799999 -0.13275227
2.0899999 -0.15314651
2.0999999 -0.1747092
2.1099999 -0.19743805
2.1199999 -0.22164944
2.1300001 -0.2472589
2.1400001 -0.27390808
2.1500001 -0.3015261
2.1600001 -0.33030185
2.1700001 -0.36026922
2.1800001 -0.39105123
2.1900001 -0.42238438
2.2 -0.4544709
2.21 -0.48733369
2.22 -0.52056599
2.23 -0.55387551
2.24 -0.58729661
2.25 -0.62085235
2.26 -0.65422225
2.27 -0.68698674
2.28 -0.71908844
2.29 -0.75055629
2.3 -0.78106827
2.3099999 -0.81023133
2.3199999 -0.83792067
2.3299999 -0.86409283
2.3399999 -0.8885234
2.3499999 -0.91088212
2.3599999 -0.93099445
2.3699999 -0.94883585
2.3800001 -0.96425271
2.3900001 -0.9770093
2.4000001 -0.98701376
2.4100001 -0.99424118
2.4200001 -0.99861765
2.4300001 -1.0000738
2.4400001 -0.99861467
2.45 -0.99426275
2.46 -0.9870131
2.47 -0.97694975
2.48 -0.96422082
2.49 -0.94889456
2.5 -0.93101811
2.51 -0.91077268