3 -0.0012030073
6 -0.0065625026
9 -0.019088062
12 -0.039825082
15 -0.065899804
18 -0.092991635
21 -0.12002525
24 -0.14812721
27 -0.17687111
30 -0.20236258
33 -0.22031203
36 -0.2310857
39 -0.23718099
42 -0.2381271
45 -0.23136054
48 -0.21581647
51 -0.19381212
54 -0.16922136
57 -0.14335752
60 -0.11512183
63 -0.085156903
66 -0.056648944
69 -0.033658441
72 -0.017663591
75 -0.0063351113
78 0.00078709802
81 0.00058574235
84 -0.0089912228
87 -0.026294379
90 -0.047350928
93 -0.07043273
96 -0.09729398
99 -0.1277753
102 -0.15802817
105 -0.18435127
108 -0.20520629
111 -0.22163202
114 -0.23433413
117 -0.24048978
120 -0.23742923
123 -0.22594824
126 -0.20910972
129 -0.18939579
132 -0.16560194
135 -0.13631888
138 -0.10503466
141 -0.076551937
144 -0.05237839
147 -0.031558905
150 -0.013555187
153 -0.0011957778