3 -0.0011902554
6 -0.00640077
9 -0.018481873
12 -0.038936831
15 -0.065641463
18 -0.093670204
21 -0.1208239
24 -0.14827342
27 -0.17644542
30 -0.20305793
33 -0.22349873
36 -0.2350162
39 -0.2399091
42 -0.24052192
45 -0.23544124
48 -0.22252771
51 -0.20166519
54 -0.17525548
57 -0.14740419
60 -0.12035282
63 -0.092668399
66 -0.064108938
69 -0.037934855
72 -0.017851496
75 -0.0062780282
78 -0.0017470614
81 -0.0010613354
84 -0.0057583023
87 -0.019191256
90 -0.040691633
93 -0.066877566
96 -0.09428066
99 -0.12129992
102 -0.14926447
105 -0.1782206
108 -0.20421839
111 -0.2235114
114 -0.23513162
117 -0.24006443
120 -0.24038404
123 -0.23563623
126 -0.22212757
129 -0.19999887
132 -0.17385806
135 -0.14685783
138 -0.11986051
141 -0.091698885
144 -0.062420305
147 -0.036475152
150 -0.017914444
153 -0.0067271311