-4.08149112151307e-05
-4.3541460034489955e-05
-4.608448903857833e-05
-4.873772299085097e-05
-5.150270329136459e-05
-5.43840811246156e-05
-5.7408884827188464e-05
-6.057625945647179e-05
-6.457121771114196e-05
-7.097253366231778e-05
-8.232297534867e-05
-0.00010193121993364295
-0.000135287360050564
-0.00019231327953504198
-0.00029206347590963436
-0.00047287622638774883
-0.0008022043440726235
-0.0012765612321512631
-0.0011962749198853287
-0.0010387545717299908
-0.0009046484766616194
-0.00081358506634635
-0.0007461305180707923
-0.0006911113753088095
-0.0006436355581582648
-0.0006014085408459003
-0.0005631873386586039
-0.0005282088741294578
-0.0004959608415168067
-0.00046607651736871374
-0.00043828031120602095
-0.00041235699578358033
-0.00038813318221682055
-0.00036546561187733047
-0.00034423345609957276
-0.0003243330756378807
-0.0003056743445058606
-0.0002881779998191977
-0.000271773683124818
-0.0002563984594281871
-0.00024199567377496204
-0.00022851405147459323
-0.00021590697767140434
-0.0002041319114118645
-0.00019314990235710873
-0.0001829251871064553
-0.00017342484824832817
-0.0001646185235092632
-0.00015647815547534488
-0.00014897777455705611
-0.00014209330949645224
-0.00013580242093943137
-0.0001300843544798491
-0.00012491981030897742
-0.00012029082710654095
-0.00011618067824789009
-0.00011257377871691842
-0.0001094556013884611
-0.00010681260154560911
-0.00010463214866326387
-0.00010290246465449478
-0.00010161256785077942
-0.0001007522221266963
-0.00010031189063077377
-0.00010028269365920981
-0.00010065637027955838
-0.00010686299051511418
-0.0001081980158421767
-0.00010960115545352436
-0.00011136703495516115
-0.00011350744949099406
-0.00011601793402984605
-0.00011889350815423916
-0.00012212956693139388
-0.00012572191441159215
-0.0001296667502827065
-0.00013396065545754238
-0.00013860057900886777
-0.00014358382651013108
-0.000148908049705895
-0.0001545712374393378
-0.00016057170778392444
-0.00016690810132436834
-0.00017357937554235585
-0.00018058480027560467
-0.00018792395422371133
-0.0001955967224765989
-0.0002036032950535121
-0.00021194416644774273
-0.00022062013617785029
-0.0002296323103507324
-0.0002389821042442807
-0.0002486712459513115
-0.00025870178108812806
-0.00026907607862223154
-0.00027979683785727387
-0.0002908670966366534
-0.00030229024081591466
-0.00031407001509685487
-0.0003262105352959045
-0.0003387163021568292
-0.0003515922168170993
-0.00036484359806223976
-0.0003784762015142418
-0.0003924962409326978
-0.0004069104118140163
-0.0004217259175202084
-0.00043695049817859145
-0.000452592462658135
-0.0004686607239330867
-0.0004851648382335602
-0.0005021150483942404
-0.0005195223319206135
-0.0005373984543358012
-0.0005557560284713002
-0.0005746085804806837
-0.0005939706234603103
-0.0006138577397268582
-0.0006342866729667341
-0.0006552754316926418
-0.0006768434057003018
-0.0006990114975148935
-0.0007218022712165059
-0.0007452401214749773
-0.0007693514662374735
-0.0007941649671084504
-0.0008197117825169278
-0.0008460258597159933
-0.0008731442731075133
-0.0009011076181945598
-0.0009299604726951251
-0.0009597519393328757
-0.0009905362886733298
-0.0010223737254912307
-0.0010553313088859939
-0.001089484065665764
-0.0011249163489636955
-0.0011617235114926654
-0.0012000139873581833
-0.0012399119113021431
-0.001281560455303472
-0.0013251261381847647
-0.0013708044790529926
-0.0014188275446285067
-0.0014694742281341803
-0.0015230845726078024
-0.00158008026828447
-0.0016409949167623767
-0.0017065204126909023
-0.0017775813153550796
-0.001855460980590119
-0.0019420313288093368
-0.0020402128803685047
-0.0021550251482674145
-0.002296507939937275
-0.002505486258893164
-0.0020298606273482797
-0.00209284675482207
-0.0040912488949891995
-0.009934634771007657
0.000702376462545235
0.0009981353389631941
0.00101388335784327
0.0010260877034508698
0.001038331848080276
0.0010506956514481313
0.0010631800623661907
0.0010757843212840133
0.0010885076593135012
0.0011013493344845739
0.0011143086317007404
0.0011273848622792776
0.001140577363196038
0.0011538854965137864
0.001167308648735628
0.0011808462303394677
0.001194497675185189
0.0012082624400209046
0.001222140003992063
0.0012361298681754995
0.0012502315551532284
0.0012644446085328914
0.0012787685926244287
0.0012932030920645556
0.0013077477112388696
0.0013224020742596849
0.0013371658243445418
0.0013520386236953647
0.0013670201531350208
0.0013821101118371992
0.0013973082170011366
0.0014126142036595386
0.001428027824419917
0.0014435488492104132
0.0014591770651383837
0.0014749122762584873
0.0014907543033419954
0.0015067029837463536
0.0015227581712900092
0.0015389197360547438
