0 0.98920697
0.24783 0.99162292
0.49566001 0.99510413
0.74348998 0.9981795
0.99132001 1.0008017
1.23915 1.0029646
1.48699 1.0049344
1.73482 1.0067691
1.98265 1.0084945
2.23048 1.010301
2.4783101 1.0120021
2.72614 1.0135185
2.9739699 1.0150849
3.2218001 1.0163108
3.46963 1.0178596
3.7174599 1.0192498
3.9652901 1.0209895
4.21312 1.0226523
4.4609599 1.0247455
4.7075801 1.0274388
4.9475899 1.0297724
5.1810002 1.0323296
5.4078302 1.0353734
5.62813 1.0388205
5.8419299 1.0424664
6.0492902 1.0470147
6.2502899 1.0527834
6.4450002 1.0596412
6.6335201 1.0676016
6.8159199 1.0773171
6.9923201 1.0889469
7.1628299 1.1029203
7.3275499 1.1189352
7.4866099 1.1378664
7.64012 1.1610309
7.7882199 1.18976
7.9310198 1.2258502
8.0686703 1.270854
8.2012796 1.3269445
8.3290005 1.401999
8.4519596 1.4993953
8.5702896 1.6311259
8.6841202 1.8123056
8.7936001 2.0865881
8.8988504 2.4654546
9 2.8251226