-0.000625
-0.00125
-0.001875
-0.0025
-0.003125
-0.0037500000000000003
-0.004375
-0.005
-0.005625
-0.0062499999999999995
-0.006874999999999999
-0.007499999999999999
-0.008124999999999999
-0.008749999999999999
-0.009375
-0.01
-0.010625
-0.011250000000000001
-0.011875000000000002
-0.012500000000000002
-0.013125000000000003
-0.013750000000000004
-0.014375000000000004
-0.015000000000000005
-0.015625000000000003
-0.016250000000000004
-0.016875000000000005
-0.017500000000000005
-0.018125000000000006
-0.018750000000000006
-0.019375000000000007
-0.020000000000000007
-0.020625000000000008
-0.02125000000000001
-0.02187500000000001
-0.02250000000000001
-0.02312500000000001
-0.02375000000000001
-0.02437500000000001
-0.025000000000000012
-0.025625000000000012
-0.026250000000000013
-0.026875000000000013
-0.027500000000000014
-0.028125000000000015
-0.028750000000000015
-0.029375000000000016
-0.030000000000000016
-0.030625000000000017
-0.031250000000000014
-0.031875000000000014
-0.032500000000000015
-0.033125000000000016
-0.033750000000000016
-0.03437500000000002
-0.03500000000000002
-0.03562500000000002
-0.03625000000000002
-0.03687500000000002
-0.03750000000000002
-0.03812500000000002
-0.03875000000000002
-0.03937500000000002
-0.04000000000000002
-0.04062500000000002
-0.04125000000000002
-0.04187500000000002
-0.042500000000000024
-0.043125000000000024
-0.043750000000000025
-0.044375000000000026
-0.045000000000000026
-0.04562500000000003
-0.04625000000000003
-0.04687500000000003
-0.04750000000000003
-0.04812500000000003
-0.04875000000000003
-0.04937500000000003
-0.05000000000000003
-0.05062500000000003
-0.05125000000000003
-0.05187500000000003
-0.05250000000000003
-0.05312500000000003
-0.053750000000000034
-0.054375000000000034
-0.055000000000000035
-0.055625000000000036
-0.056250000000000036
-0.05687500000000004
-0.05750000000000004
-0.05812500000000004
-0.05875000000000004
-0.05937500000000004
-0.06000000000000004
-0.06062500000000004
-0.06125000000000004
-0.06187500000000004
-0.06250000000000004
