-133631.39205062142
-267458.11195683945
-401282.67762399575
-535105.0543175774
-668925.2063791556
-802743.0971889201
-936558.6891040502
-1070371.9434254584
-1204182.8203476407
-1337991.2789089691
-1471797.2769461318
-1605600.7710300265
-1739401.7164148123
-1873200.0669685937
-2006995.7751151298
-2140788.7917539915
-2274579.0661895503
-2408366.5460530855
-2542151.177211039
-2675932.90367572
-2809711.667504819
-2943487.408697973
-3077260.065079552
-3211029.5721792243
-3344795.863097109
-3478558.8683638633
-3612318.515792694
-3746074.7302973922
-3879827.4337403504
-4013576.544711807
-4147321.978337238
-4281063.646047168
-4414801.455316985
-4548535.309424447
-4682265.107123081
-4815990.742347309
-4949712.103850245
-5083429.074817568
-5217141.53245545
-5350849.347513087
-5484552.383787719
-5618250.497546164
-5751943.536924227
-5885631.34120957
-6019313.740099904
-6152990.552851781
-6286661.587322001
-6420326.638923648
-6553985.4894422805
-6687637.905707145
-6821283.638107048
-6954922.418899316
-7088553.960336235
-7222177.952500651
-7355794.060860907
-7489401.923506224
-7623001.147960359
-7756591.307535281
-7890171.937152342
-8023742.528494769
-8157302.524426661
-8290851.312466956
-8424388.217210846
-8557912.49141489
-8691423.30553454
-8824919.735346425
-8958400.747237848
-9091865.180661501
-9225311.727060579
-9358738.904484207
-9492145.026704289
-9625528.165552069
-9758886.104588367
-9892216.281716619
-10025515.717601072
-10158780.925611153
-10292007.797582587
-10425191.457490887
-10558326.072227301
-10691404.604125032
-10824418.480432644
-10957357.166474365
-11090207.552994126
-11222953.1444594
-11355572.902901653
-11488039.598708974
-11620317.403221657
-11752358.290769815
-11884096.515304301
-12015439.865467371
-12146255.310039517
-12276344.399536714
-12405398.837386101
-12532914.713184988
-12658011.631268263
-12778999.67917844
-12892107.581444466
-12985738.39804798
594804130102.2351
659344296434.9243
