-9.55302158855259e-11
-1.8930842546516453e-10
-2.83088689886628e-10
-3.7687100222102055e-10
-4.706553553896988e-10
-5.644417423096878e-10
-6.582301559088505e-10
-7.520205891049445e-10
-8.458130348249928e-10
-9.396074859919718e-10
-1.0334039355331833e-09
-1.1272023763738628e-09
-1.2210028014422046e-09
-1.3148052036685113e-09
-1.40860957597846e-09
-1.5024159113074647e-09
-1.5962242025813457e-09
-1.6900344427364437e-09
-1.7838466247061325e-09
-1.8776607414223866e-09
-1.971476785822009e-09
-2.0652947508408025e-09
-2.1591146294152658e-09
-2.2529364144832604e-09
-2.3467600989850526e-09
-2.440585675858302e-09
-2.5344131380475718e-09
-2.6282424784905653e-09
-2.7220736901318137e-09
-2.815906765914622e-09
-2.9097416987829196e-09
-3.003578481684385e-09
-3.097417107561891e-09
-3.1912575693668773e-09
-3.285099860042874e-09
-3.3789439725431097e-09
-3.4727898998132705e-09
-3.566637634811533e-09
-3.660487170481958e-09
-3.754338499780569e-09
-3.84819161566222e-09
-3.942046511080224e-09
-4.035903178990285e-09
-4.129761612348983e-09
-4.2236218041145185e-09
-4.317483747245085e-09
-4.41134743469713e-09
-4.505212859434897e-09
-4.599080014416715e-09
-4.692948892605595e-09
-4.786819486963715e-09
-4.880691790455566e-09
-4.974565796045099e-09
-5.068441496699093e-09
-5.1623188853830826e-09
-5.256197955063945e-09
-5.350078698710339e-09
-5.443961109291177e-09
-5.5378451797782315e-09
-5.631730903142383e-09
-5.7256182723531e-09
-5.81950728038382e-09
-5.913397920208587e-09
-6.007290184801746e-09
-6.101184067139059e-09
-6.1950795601984354e-09
-6.2889766569545236e-09
-6.382875350386705e-09
-6.476775633473483e-09
-6.570677499194266e-09
-6.664580940530475e-09
-6.7584859504658005e-09
-6.8523925219782486e-09
-6.946300648053439e-09
-7.0402103216760675e-09
-7.134121535832771e-09
-7.227940847375173e-09
-7.321854728260552e-09
-7.415770128231947e-09
-7.509687040265217e-09
-7.603605457357974e-09
-7.69752537249764e-09
-7.791446778682118e-09
-7.885369668903296e-09
-7.979294036157521e-09
-8.073219873438598e-09
-8.16714717374685e-09
-8.261075930077943e-09
-8.355006135434592e-09
-8.44893778281348e-09
-8.542870865213814e-09
-8.63680537563892e-09
-8.730741307092582e-09
-8.82467865257504e-09
-8.918617405092189e-09
-9.012557557649907e-09
-9.106499103251782e-09
-9.200442034904482e-09
-9.29438634561644e-09
-9.388332028395012e-09
-9.48227907625058e-09
-9.576227482193818e-09
-9.670177239233438e-09
-9.76412834038208e-09
-9.858080778652438e-09
-9.952034547058257e-09
-1.0045989638612412e-08
-1.0139946046333089e-08
-1.0233903763231936e-08
-1.0327862782329911e-08
-1.0421823096641333e-08
-1.0515784699187421e-08
-1.060974758298316e-08
-1.0703711741053234e-08
-1.0797677166417671e-08
-1.0891643852096434e-08
-1.0985611791113415e-08
-1.1079580976491533e-08
-1.1173551401255188e-08
-1.1267523058427887e-08
-1.1361495941039889e-08
-1.1455470042113284e-08
-1.154944535467932e-08
-1.1643421871763104e-08
-1.17373995863944e-08
-1.1831378491604656e-08
-1.19253585804253e-08
-1.2019339845883309e-08
-1.2113322281016426e-08
-1.2207305878856745e-08
-1.2301290632435595e-08
-1.2395276534790879e-08
-1.2489263578954886e-08
-1.2583251757967954e-08
-1.267724106486582e-08
-1.2771231492685247e-08
-1.2865223034466103e-08
-1.2959215683245943e-08
-1.3053209432068042e-08
-1.3147204273974642e-08
-1.3241200202003731e-08
-1.3335197209199979e-08
-1.342919528860695e-08
-1.3523194433269536e-08
-1.3617194636233839e-08
-1.3711195890542648e-08
-1.3805198189244727e-08
-1.3899201525387522e-08
-1.3993205892017149e-08
-1.4087211282187053e-08
-1.4181217688943827e-08
-1.4275225105337336e-08
-1.4369233524422694e-08
-1.44632429392486e-08
-1.45572533428681e-08
-1.4651264728335628e-08
-1.4745277088707153e-08
-1.4839290417035942e-08
-1.4933304706378246e-08
-1.502731994978864e-08
-1.5121336140328403e-08
-1.5215353271054594e-08
-1.530937133502707e-08
-1.5403390325300824e-08
-1.5497410234941867e-08
-1.5591431057007166e-08
-1.5685452784564092e-08
-1.5779475410669983e-08
-1.5873498928388482e-08
-1.5967523330787665e-08
-1.6061548610929207e-08
-1.6155574761882848e-08
-1.624960177670805e-08
-1.634362964847858e-08
-1.6437658370257608e-08
-1.653168793511776e-08
-1.662571833612542e-08
-1.6719749566351924e-08
-1.681378161886726e-08
-1.6907814486743736e-08
-1.7001848163053022e-08
-1.709588264086672e-08
-1.7189917913262487e-08
-1.728395397331062e-08
-1.7377990814087226e-08
-1.7472028428670413e-08
-1.75660668101337e-08
-1.7660105951556136e-08
-1.775414584601514e-08
-1.7848186486589556e-08
-1.7942227866359366e-08
-1.8036269978400038e-08
-1.8130312815800263e-08
-1.8224356371634378e-08
-1.8318400638989007e-08
-1.8412445610944092e-08
-1.8506491280585432e-08
-1.8600537640996683e-08
-1.8694584685260384e-08
-1.87886324064654e-08
