0.00028199369508632354
0.00028288894086410285
0.00028441327711521756
0.0002865994698018915
0.0002894962807429754
0.0002931715119406597
0.00029771654367739375
0.000303253001800266
0.00030994259622739933
0.00031800188809804096
0.00032772512077638044
0.00033952156039756333
0.0003539918449923042
0.0003717996989519704
0.00039488304238390537
0.0004248339117299854
0.00046541220010175635
0.0005236591749763669
0.0006150216452001472
0.0007839365481378084
0.0011887578659208844
0.0023328347128210264
0.003663187016162799
0.004667651486003899
0.005460736229921888
0.00612758887095432
0.006710109205771294
0.0072318488915159036
0.007707157639823284
0.008145704648987447
0.008575006211421963
0.008979919559836574
0.009363580978091141
0.009728409782955583
0.01007651302793738
0.010419767386052969
0.010768873512594283
0.011102825450049415
0.011422706588627112
0.011729461707272175
