2136.346031281395
5091.363045032565
9932.431682531154
16659.976193615003
25274.641712458106
35777.352109855914
48169.39886586444
62452.576439115306
78629.39034963687
96703.38298714411
116679.65686599689
138565.75488274224
162374.16117908078
188212.76972490537
215857.72342178022
245607.22245133168
277507.9015088022
311820.3449823254
349258.590529872
392399.6626482635
456353.7447571178
668158.6983105032
1157506.1922179018
1749011.3851950555
2387795.9878777754
3057334.5904209237
3749162.403924356
4458182.290318933
5181039.971394501
5915368.851878926
6659429.384739735
7411880.278085443
8171656.793018109
8937891.187554814
9709860.538752988
10486951.10321564
11268633.021667765
12054441.667436516
12843963.32898079
13636823.70473152
