1336732.7592135104
2673468.6905618063
4010211.762122593
5346965.688567563
6683734.15169109
8020520.783379586
9357329.14193583
10694162.677574148
12031024.679982835
13367918.194913281
14704845.882778613
16041809.738776378
17378809.863120355
18715833.79439639
20052919.77156793
21390012.97581677
22727102.305367887
24064123.39740605
25400889.92020996
26736699.78613884
28067258.98161454
29354525.00791121
30558526.668076236
31732069.43932634
32891623.06980282
34042508.923941664
35187521.163175754
36328330.843785
37466026.55924915
38601369.036063425
39734919.02833401
40867108.48742506
41998281.168968946
43128717.608879305
44258651.13928293
45388278.59270194
46517767.719265275
47647262.48279692
48776886.92672586
49906748.026626304
