0.001091265315466651
0.0010807678475184906
0.0010702935371522217
0.0010598455908549733
0.001049427381986894
0.0010390424702533892
0.0010286946128767107
0.0010183877765381037
0.0010081261501498743
0.0009979141585251844
0.000987756477016976
0.0009776580472066452
0.0009676240937274665
0.0009576601423192572
0.00094777203921717
0.0009379659719888533
0.000928248491944013
0.0009186265382564098
0.0009091074639457974
0.0008996990638893673
0.0008904096050439555
0.0008812478590820679
0.0008722231376666028
0.0008633453306086965
0.0008546249471867337
0.0008460731609261574
0.0008377018581807485
0.0008295236908894298
0.0008215521339251503
0.0008138015475042495
0.0008062872451736461
0.0007990255679595906
0.0007920339653282032
0.00078533108368867
0.0007789368632602941
0.0007728726442276253
0.0007671612832243117
0.00076182728132282
0.0007568969248609136
0.0007523984406129021
0.0007483621670203135
0.000744820743429187
0.0007418093195616532
0.0007393657877582812
0.000737531040905368
0.0007363492593853269
0.0007358682308951323
0.0007361397075680488
0.0007372198055241748
0.000739169452797213
0.00074205489254648
0.0007459482496167512
0.0007509281698654082
0.0007570805433122515
0.0007644993241170507
0.00077328746273645
0.000783557968454012
0.0007954351239019304
0.0008090558773875022
0.0008245714439392146
0.0008421491522705381
0.0008619745825986045
0.0008842540498585717
0.0009092174988142785
0.0009371218925605584
0.0009682551947973389
0.0010029410702053023
0.00104154445780583
0.0010844782114115196
0.0011322110520199083
0.0011852771431053717
0.001244287686560826
0.0013099450519658876
0.001383060105375758
0.0014645736107748973
0.0015555828591742272
0.0016573750681817213
0.0017714696346979141
0.0018996720838765889
0.002044143642774934
0.002207491937593684
0.0023928906199838676
0.0026042391704854785
0.002846379354478595
0.003125392892405171
0.003449017668751896
0.003827240389149339
0.004273157693539566
0.004804254657053829
0.005444351826958393
0.006226650460084481
0.007198651243294922
0.008430428837615737
0.010029534781510054
0.012173064790871236
0.015235683696872516
0.0205716032684779
0.02708844093691253
0.034647428563179476
