4.994429385280601e-05
5.0518906010384114e-05
5.1108878174837285e-05
5.171485380739503e-05
5.2337513057463265e-05
5.297757542333349e-05
5.363580264575372e-05
5.4313001863265435e-05
5.501002905334529e-05
5.572779279265157e-05
5.646725836990112e-05
5.722945229150766e-05
5.801546722353654e-05
5.882646742175129e-05
5.96636947051403e-05
6.052847503720072e-05
6.142222579267344e-05
6.234646378662734e-05
6.330281416978796e-05
6.429302029411268e-05
6.531895467834418e-05
6.638263121754023e-05
6.748621880632393e-05
6.863205656689073e-05
6.982267091250468e-05
7.106079470368131e-05
7.234938880713718e-05
7.369166641632445e-05
7.509112055156942e-05
7.655155524029086e-05
7.807712096351091e-05
7.967235506281104e-05
8.134222794219109e-05
8.309219605289166e-05
8.492826285665404e-05
8.685704920170918e-05
8.888587485434081e-05
9.102285330330003e-05
9.327700242867516e-05
9.565837422302796e-05
9.81782075009616e-05
0.00010084910849592729
0.00010368526547450813
0.00010670270508050603
0.00010991960019420124
0.00011335664180103966
0.00011703749095347076
0.00012098933169226326
0.00012524355225987713
0.00012983659071130323
0.00013481099315113313
0.00014021674966650756
0.00014611299684374996
0.00015257020980026677
0.0001596730561193252
0.00016752415711442944
0.00017624911155751863
0.00018600330518423334
0.00019698129251756577
0.0002094299596160645
0.00022366737106074803
0.00024011038235304279
0.0002593161634630956
0.000282046537372815
0.0003093711802340992
0.00034283999960981224
0.00038478522009481657
0.0004388821941354504
0.0005112662816496996
0.0006129582896831082
0.0007657228918882973
0.0010180486431138982
0.0014918452070679918
0.002452601003607543
0.003918338627040232
0.005369625779674555
0.006629417038463733
0.007728250227186783
0.00870715283027054
0.009595215457548467
0.010412244089779676
0.011172070122463951
0.011884686137250033
0.012557543834922724
0.013196355388701626
0.013805603760233006
0.014388878644965993
0.014949104464731406
0.015488699440693638
0.01600968933928391
0.016513790912998517
0.01700247247221398
0.017477003077295557
0.017938487019175185
0.018387892514339935
0.018826074005750728
0.019253789993429977
0.01967171743890782
0.0200804635123369
0.020480575255903345
