0.5 -2.0535123e-005
1 -0.00010660513
1.5 -0.00029588543
2 -0.00061648915
2.5 -0.0010742669
3 -0.0016188502
3.5 -0.002174567
4 -0.0027063584
4.5 -0.0032168091
5 -0.0037042603
5.5 -0.0041660462
6 -0.0045881388
6.5 -0.0049128733
7 -0.0050820173
7.5 -0.00509447
8 -0.004987075
8.5 -0.0047948705
9 -0.0045297486
9.5 -0.0041832388
10 -0.0037442939
10.5 -0.0032067751
11 -0.0026028648
11.5 -0.0020136058
12 -0.0014955383
12.5 -0.0010497295
13 -0.00066720782
13.5 -0.00034600191
14 -9.1911184e-005
14.5 6.2395964e-005
15 6.5120454e-005
15.5 -0.00010083593
16 -0.00039372232
16.5 -0.00075952691
17 -0.0011718574
17.5 -0.0016300433
18 -0.0021403392
18.5 -0.002701025
19 -0.0032912893
19.5 -0.0038472249
20 -0.0042949622
20.5 -0.0046223141
21 -0.0048543862
21.5 -0.005001368
22 -0.0050646281
22.5 -0.0050306935
23 -0.0048633325
23.5 -0.0045414465
24 -0.0040955641
24.5 -0.0035916304
25 -0.0030790414
25.5 -0.002565111