1 -8.8548142e-005
2 -0.00048655929
3 -0.0013870347
4 -0.0027594941
5 -0.0043438156
6 -0.0059583224
7 -0.0076107583
8 -0.0092353588
9 -0.01060236
10 -0.011492955
11 -0.011923122
12 -0.011993421
13 -0.011614388
14 -0.010690998
15 -0.0093396548
16 -0.0078026438
17 -0.006202755
18 -0.0045123356
19 -0.0028534641
20 -0.0015102684
21 -0.00062089809
22 -0.00013239928
23 -1.2280534e-005
24 -0.0003834228
25 -0.0013238181
26 -0.0026410164
27 -0.0041227746
28 -0.0057345838
29 -0.0074636475
30 -0.0091314148
31 -0.010453535
32 -0.011352398
33 -0.011909928
34 -0.0120693
35 -0.011682893
36 -0.010750012
37 -0.0094776982
38 -0.0080377832
39 -0.0064061009
40 -0.0046351464
41 -0.0029855222
42 -0.0016801878
43 -0.00074623711
44 -0.00012900528
45 5.7302848e-005
46 -0.00034979673
47 -0.0012612519
48 -0.0024716025
49 -0.003894812
50 -0.005554622
51 -0.0073471311