1 -8.8245863e-005
2 -0.00048246031
3 -0.001371832
4 -0.0027345764
5 -0.004319529
6 -0.0059309625
7 -0.0075681373
8 -0.0091825239
9 -0.010564793
10 -0.011484151
11 -0.01191858
12 -0.011985563
13 -0.011638405
14 -0.010765013
15 -0.0094357757
16 -0.0078833112
17 -0.006285524
18 -0.0046364609
19 -0.0029850993
20 -0.0015875008
21 -0.00064763974
22 -0.0001547987
23 -3.3821925e-005
24 -0.00033455386
25 -0.0011830142
26 -0.0024887784
27 -0.0039949622
28 -0.0055833342
29 -0.0072526154
30 -0.0089240847
31 -0.010344046
32 -0.011304471
33 -0.011849036
34 -0.012037362
35 -0.011768096
36 -0.01094783
37 -0.0096788723
38 -0.0082050776
39 -0.0066374992
40 -0.0049438439
41 -0.0032496306
42 -0.0018239017
43 -0.00082846987
44 -0.00023418834
45 1.2927781e-005
46 -0.00021439769
47 -0.0010166775
48 -0.00224132
49 -0.0036748901
50 -0.0052376138
51 -0.0069422536