-0.025
-0.05
-0.075
-0.1
-0.125
-0.15000000000000002
-0.17500000000000002
-0.2
-0.22499999999999998
-0.24999999999999997
-0.27499999999999997
-0.29999999999999993
-0.32499999999999996
-0.35
-0.375
-0.4
-0.42500000000000004
-0.45000000000000007
-0.4750000000000001
-0.5000000000000001
-0.5250000000000001
-0.5500000000000002
-0.5750000000000002
-0.6000000000000002
-0.6250000000000001
-0.6500000000000001
-0.6750000000000002
-0.7000000000000002
-0.7250000000000002
-0.7500000000000002
-0.7750000000000002
-0.8000000000000003
-0.8250000000000003
-0.8500000000000003
-0.8750000000000003
-0.9000000000000004
-0.9250000000000004
-0.9500000000000004
-0.9750000000000004
-1.0000000000000004
-1.0250000000000006
-1.0500000000000005
-1.0750000000000006
-1.1000000000000005
-1.1250000000000007
-1.1500000000000006
-1.1750000000000007
-1.2000000000000006
-1.2250000000000008
-1.2500000000000004
-1.2750000000000006
-1.3000000000000007
-1.3250000000000006
-1.3500000000000005
-1.3750000000000007
-1.4000000000000008
-1.4250000000000007
-1.4500000000000006
-1.4750000000000008
-1.5000000000000009
-1.5250000000000008
-1.5500000000000007
-1.5750000000000008
-1.600000000000001
-1.6250000000000009
-1.6500000000000008
-1.675000000000001
-1.700000000000001
-1.725000000000001
-1.7500000000000009
-1.775000000000001
-1.8000000000000012
-1.825000000000001
-1.850000000000001
-1.875000000000001
-1.9000000000000012
-1.9250000000000012
-1.950000000000001
-1.9750000000000012
-2.0000000000000013
-2.0250000000000012
-2.050000000000001
-2.075000000000001
-2.1000000000000014
-2.1250000000000013
-2.1500000000000012
-2.1750000000000016
-2.2000000000000015
-2.2250000000000014
-2.2500000000000013
-2.2750000000000012
-2.3000000000000016
-2.3250000000000015
-2.3500000000000014
-2.3750000000000018
-2.4000000000000017
-2.4250000000000016
-2.4500000000000015
-2.4750000000000014
-2.5000000000000018
