-471278362.3086746
-938906292.6427907
-1402743341.7874317
-1862642806.286408
-2318451430.5750513
-2770009095.733897
-3217148494.5163264
-3659694792.340588
-4097465273.9861803
-4530268975.794464
-4957906303.248337
-5380168633.896216
-5796837905.693615
-6207686190.966024
-6612475256.349823
-7010956109.249023
-7402868531.557316
-7787940601.642209
-8165888205.874052
-8536414541.314461
-8899209611.559734
-9253949718.171644
-9600296950.628122
-9937898678.294313
-10266387048.55914
-10585378496.011135
-10894473268.34647
-11193254975.62088
-11481290170.482023
-11758127968.157421
-12023299716.23172
-12276318725.63047
-12516680075.739788
-12743860508.2324
-12957318425.939106
-13156494014.993944
-13340809510.478743
-13509669627.881138
-13662462184.831736
-13798558939.764847
-13917316676.304836
-14018078564.254704
-14100175829.977375
-14162929770.61721
-14205654147.896233
-14227657997.997261
-14228248894.159473
-14206736697.877563
-14162437832.813017
-14094680112.474464
-14002808148.168842
-13886189357.425224
-13744220584.810871
-13576335336.573519
-13382011617.66857
-13160780344.33303
-12912234287.39803
-12636037481.044012
-12331935008.88842
-11999763054.511806
-11639459077.323433
-11251071947.80251
-10834771849.609715
-10390859731.051952
-9919776066.303783
-9422108669.205399
-8898599291.019253
-8350148729.885825
-7777820185.405277
-7182840608.066169
-6566599821.03137
-5930647231.425044
-5276685999.434272
-4606564595.185468
-3922265743.213263
-3225892833.4633
-2519653948.399743
-1805843747.2735066
-1086823507.886866
-364999697.28262985
357198509.7830549
1077342311.928316
1793026494.7424266
2501892315.925338
3201649627.782528
3890097849.182124
4565145462.053499
5224827782.141678
5867322831.725025
6490965209.551666
7094257887.017082
7675881820.054274
8234703088.362957
8769776858.686657
9280346690.189697
9765836458.40699
10225830571.027756
10660036852.13835
11068227204.559917
11450156721.304974
