0 1.4716058e+008
4.1666698 1.3834368e+008
8.3333302 1.928252e+008
12.5 2.7098291e+008
16.66667 3.5158262e+008
20.83333 4.3001626e+008
25 5.0519926e+008
29.16667 5.768192e+008
33.333328 6.4474182e+008
37.5 7.0888218e+008
41.666672 7.6917357e+008
45.833328 8.2556128e+008
50 8.7799955e+008
54.166672 9.2645011e+008
58.333328 9.7088083e+008
62.5 1.0112659e+009
66.666672 1.0475834e+009
70.833328 1.0798162e+009
75 1.10795e+009
79.166672 1.131975e+009
83.333328 1.1518847e+009
87.5 1.1676822e+009
91.666672 1.179396e+009
95.833328 1.18714e+009
100 1.190881e+009