1 -8.8262248e-005
2 -0.0004825996
3 -0.0013721874
4 -0.0027348336
5 -0.0043193004
6 -0.0059305355
7 -0.0075679282
8 -0.0091822911
9 -0.010563585
10 -0.011481489
11 -0.011915556
12 -0.011982621
13 -0.011634295
14 -0.010759096
15 -0.009429168
16 -0.0078777261
17 -0.0062805261
18 -0.004630283
19 -0.0029787475
20 -0.0015835834
21 -0.00064627203
22 -0.00015405833
23 -3.297663e-005
24 -0.00033605174
25 -0.0011883948
26 -0.0024948944
27 -0.003999542
28 -0.0055878488
29 -0.0072589335
30 -0.0089306692
31 -0.010346632
32 -0.011303285
33 -0.011847797
34 -0.012035696
35 -0.011762451
36 -0.010937097
37 -0.0096668964
38 -0.0081954282
39 -0.0066271685
40 -0.004930228
41 -0.0032367867
42 -0.0018162369
43 -0.00082534208
44 -0.00023108249
45 1.570194e-005
46 -0.00021809182
47 -0.0010266649
48 -0.0022517589
49 -0.003683357
50 -0.0052474998
51 -0.0069566104