1 -8.8563116e-005
2 -0.00048670103
3 -0.0013874231
4 -0.0027598047
5 -0.0043435958
6 -0.005957888
7 -0.007610552
8 -0.0092349891
9 -0.010600845
10 -0.011490122
11 -0.011920208
12 -0.011990502
13 -0.011610031
14 -0.010684934
15 -0.0093333311
16 -0.0077974442
17 -0.0061975135
18 -0.0045057484
19 -0.0028475749
20 -0.001507199
21 -0.00061970484
22 -0.00013113141
23 -1.1512307e-005
24 -0.00038610972
25 -0.0013294539
26 -0.0026459587
27 -0.0041267178
28 -0.0057398309
29 -0.0074707828
30 -0.0091367383
31 -0.010454298
32 -0.01135176
33 -0.011909862
34 -0.012066733
35 -0.011674992
36 -0.010738964
37 -0.0094682015
38 -0.0080288062
39 -0.0063934629
40 -0.0046211523
41 -0.0029754632
42 -0.0016749151
43 -0.00074164313
44 -0.00012373303
45 5.7250953e-005
46 -0.00035705994
47 -0.0012701181
48 -0.0024787998
49 -0.0039034071
50 -0.0055684103
51 -0.0073612565