6938.891009767596
13874.32907281869
20805.74697015645
27733.132210781405
34656.472267060926
41575.75457385097
48490.96652855858
55402.09549122079
62309.12878342032
69212.05368877077
76110.85745205036
83005.5272789455
89896.05033595554
96782.41374910026
103664.60460427075
110542.6099460657
117416.41677733368
124286.01205816393
131151.38270510553
138012.51559048193
144869.39754071957
151722.01533544253
158570.35570608344
165414.405333621
172254.15084724937
179089.57882223185
185920.6757767184
192747.42816979805
199569.8223972093
206387.84478799044
213201.48159978952
220010.71901356854
226815.54312758378
233615.93994970727
240411.8953893318
247203.39524675749
253990.4252015287
260772.9707979316
267551.01742752927
274324.5503085848
281093.55446091236
287858.0146752378
294617.9154755713
301373.2410735028
308123.9753108025
314870.1015883965
321611.60277651425
328348.46110227227
335080.65800472704
341808.17394895124
348530.98818458186
355249.0784288852
361962.4204452671
368670.98747784615
375374.74948167754
382073.67205984704
388767.71497252886
395456.8300105376
402140.95790121064
408820.02371283376
415493.92985865206
422162.54516171216
428825.687220265
435483.092952364
442134.36732800654
448778.889728686
455415.63278374745
462042.7865909325
468656.90924930834
475250.7867417247
481807.23588772904
488277.66460487666
494492.0862100165
499815.2002149775
503235.51469319046
505226.7994831988
506643.7260399909
507820.64871365984
508877.23340251786
509864.13086110225
510806.24366679776
511717.2631615055
512605.3733787951
513475.79076409235
514332.01250740123
515176.48118706996
516010.96119027626
516836.76359121635
517654.88640727516
518466.105360147
519271.0315982241
520070.1658518693
520863.90701358253
521652.58850653423
522436.4892119331
523215.8449151623
523990.85694287636
524761.6987707163
525528.5211420676
526291.4560784589
