0.5 -2.1074786e-005
1 -0.00011392179
1.5 -0.00032838035
2 -0.00068253581
2.5 -0.0011338792
3 -0.0016166822
3.5 -0.002109844
4 -0.0026198933
4.5 -0.0031429916
5 -0.0036363609
5.5 -0.0040291785
6 -0.0042989347
6.5 -0.0044714832
7 -0.004558248
7.5 -0.0045394273
8 -0.0043795714
8.5 -0.0040757796
9 -0.003682323
9.5 -0.0032487044
10 -0.0027754672
10.5 -0.0022552339
11 -0.0017067228
11.5 -0.0011878643
12 -0.00076315599
12.5 -0.00043652707
13 -0.00018471113
13.5 -1.6136144e-005
14 3.3989651e-005
14.5 -6.870662e-005
15 -0.00031087489
15.5 -0.00063542777
16 -0.0010146542
16.5 -0.0014630761
17 -0.0019840235
17.5 -0.0025429176
18 -0.0030719903
18.5 -0.0035220142
19 -0.0039047683
19.5 -0.004233114
20 -0.0044765337
20.5 -0.0045896708
21 -0.0045465101
21.5 -0.0043769698
22 -0.0041306317
22.5 -0.0038083396
23 -0.0033874912
23.5 -0.0028767439
24 -0.0023259595
24.5 -0.001801102
25 -0.0013295911
25.5 -0.00089139747