1.576700698438118e-05
1.595082947018229e-05
1.6138218069900787e-05
1.6329294205702077e-05
1.6524184216007106e-05
1.6723020274578896e-05
1.692594073440896e-05
1.713309049522225e-05
1.7344621398510046e-05
1.7560692651458557e-05
1.7781471282067355e-05
1.8007132629282396e-05
1.8237860869781427e-05
1.8473849586251716e-05
1.871530237962377e-05
1.8962433530641513e-05
1.92154687140873e-05
1.9474645771781007e-05
1.9740215549121613e-05
2.001244280249944e-05
2.0291607183708022e-05
2.057800430898232e-05
2.0871946922808415e-05
2.1173766164205022e-05
2.1483812948335444e-05
2.1802459474399204e-05
2.2130100873929073e-05
2.2467157015992524e-05
2.2814074484456585e-05
2.3171328750772602e-05
2.353942656057171e-05
2.39189085631871e-05
2.4310352210531766e-05
2.4714374959887037e-05
2.5131637817974086e-05
2.5562849268566564e-05
2.600876963491512e-05
2.6470215932211895e-05
2.6948067277640036e-05
2.7443270931633012e-05
2.795684906103487e-05
2.848990632495341e-05
2.904363840227606e-05
2.9619341602236392e-05
3.0218423719373716e-05
3.084241632793687e-05
3.149298874044082e-05
3.217196390263069e-05
3.288133654246753e-05
3.36232939588033e-05
3.440023990493481e-05
3.521482212227144e-05
3.606996418918356e-05
3.696890249706222e-05
3.791522934264458e-05
3.8912943350794185e-05
3.9966508725196954e-05
4.1080925184933025e-05
4.226181090503277e-05
4.351550137199741e-05
4.484916783766556e-05
4.6270960054582344e-05
4.7790179313072496e-05
4.941748955328842e-05
5.1165176705917763e-05
5.304746961847317e-05
5.50809403398099e-05
5.728500763747998e-05
5.968260635286574e-05
6.230088939503445e-05
6.517246232872974e-05
6.833666394248148e-05
7.184144448618029e-05
7.574585949363768e-05
8.012348352427482e-05
8.506716563101828e-05
9.069578486809825e-05
9.716406104725416e-05
0.00010467716399044141
0.00011351310187268554
0.0001240581905899785
0.0001368654797700643
0.00015275555734923339
0.00017300050054078124
0.000199683650023218
0.00023646807079211646
0.0002904400347449984
0.000377303085154978
0.0005399714960361243
0.000947099192602996
0.0026338525431304108
-0.003815326924698144
-0.006195221298957669
-0.01023330587153015
-0.01167502076244935
-0.016674794312319392
-0.01857381282756567
-0.01995599501836739
-0.02110255839120181
-0.02210822014313625
