-0.001
-0.002
-0.003
-0.004
-0.005000000000000001
-0.006000000000000001
-0.007000000000000001
-0.008
-0.009
-0.01
-0.011
-0.011999999999999999
-0.012999999999999998
-0.013999999999999999
-0.015
-0.016
-0.017
-0.018000000000000002
-0.019000000000000003
-0.020000000000000004
-0.021000000000000005
-0.022000000000000006
-0.023000000000000007
-0.024000000000000007
-0.02500000000000001
-0.02600000000000001
-0.02700000000000001
-0.02800000000000001
-0.029000000000000012
-0.030000000000000013
-0.031000000000000014
-0.032000000000000015
-0.033000000000000015
-0.034000000000000016
-0.03500000000000002
-0.03600000000000002
-0.03700000000000002
-0.03800000000000002
-0.03900000000000002
-0.04000000000000002
-0.04100000000000002
-0.04200000000000002
-0.043000000000000024
-0.044000000000000025
-0.045000000000000026
-0.04600000000000003
-0.04700000000000003
-0.04800000000000003
-0.04900000000000003
-0.050000000000000024
-0.051000000000000024
-0.052000000000000025
-0.053000000000000026
-0.05400000000000003
-0.05500000000000003
-0.05600000000000003
-0.05700000000000003
-0.05800000000000003
-0.05900000000000003
-0.06000000000000003
-0.06100000000000003
-0.062000000000000034
-0.06300000000000004
-0.06400000000000004
-0.06500000000000004
-0.06600000000000004
-0.06700000000000005
-0.06800000000000005
-0.06900000000000005
-0.07000000000000005
-0.07100000000000005
-0.07200000000000005
-0.07300000000000005
-0.07400000000000005
-0.07500000000000005
-0.07600000000000005
-0.07700000000000005
-0.07800000000000006
-0.07900000000000006
-0.08000000000000006
-0.08100000000000006
-0.08200000000000006
-0.08300000000000006
-0.08400000000000006
-0.08500000000000006
-0.08600000000000006
-0.08700000000000006
-0.08800000000000006
-0.08900000000000007
-0.09000000000000007
-0.09100000000000007
-0.09200000000000007
-0.09300000000000007
-0.09400000000000007
-0.09500000000000007
-0.09600000000000007
