-414386.3288968024
-828765.5899889701
-1243137.2650416847
-1657500.7140817768
-2071855.1326632793
-2486199.4878813457
-2900532.4207759756
-3314852.0921788523
-3729155.9293325557
-4143440.189260306
-4557699.162738061
-4971923.619946242
-5386097.504670628
-5800190.089760289
-6214134.441897797
-6627754.927692591
-7040410.114542753
-7448392.622062197
-7813818.236189371
-8054196.586471562
-8145172.971698562
-8352786.427290707
-8557497.858975928
-8760307.440485535
-8961618.495991284
-9161636.31354895
-9360480.191370184
-9558225.100929659
-9754920.840199778
-9950602.541528903
-10145294.154141733
-10339013.962449294
-10531775.40182801
-10723588.623278705
-10914461.378130317
-11104399.628586832
-11293407.977547487
-11481489.973860525
-11668648.48960924
-11854885.568693463
-12040202.830712996
-12224601.412511054
-12408082.008475402
-12590645.097505566
-12772291.455989439
-12953023.211937714
-13132836.984650612
-13311734.622584185
-13489713.814381339
-13666776.085098237
-13842921.21275708
-14048127.54746552
-14221041.53011372
-14393105.995895535
-14564322.732304884
-14734693.449384646
-14904218.272532871
-15072902.36733476
-15240745.134690162
-15407748.143637551
-15573912.883854551
-15739240.775310576
-15903733.171817899
-16067391.361782007
-16230216.567509685
-16392209.943664785
-16553372.575180527
-16713705.474730108
-16873209.57983909
-17031885.74963298
-17189734.7612177
-17346757.305659976
-17502953.983534653
-17658325.299974628
-17812871.659175318
-17966593.35827256
-18119490.580508117
-18271563.38758162
-18422811.71107374
-18573235.342799265
-18722833.923923403
-18871606.93265292
-19019553.670261346
-19166673.245182052
-19312964.55483281
-19458426.264764518
-19603056.78465305
-19746854.240542807
-19889816.44258592
-20031940.847375926
-20173224.513647545
-20313664.049485266
-20453255.544977866
-20591994.28345752
-20729874.86109379
-20866886.552823015
