0 -64.885132
5.892561 -315.02109
11.785109 -667.81055
17.67767 -787.8045
23.57023 -809.33954
29.462778 -792.61493
35.355339 -759.62042
41.247902 -718.31061
47.140446 -671.82263
53.033009 -621.6778
58.925571 -568.85699
64.818115 -514.15851
70.710678 -458.32309
76.603241 -402.08701
82.495781 -346.21301
88.388344 -291.50943
94.280907 -238.84175
100.17345 -189.1333
106.06601 -143.35411
111.95857 -102.50046
117.85111 -67.567474
123.74368 -39.512211
129.63625 -19.158991
135.52879 -6.7686477
141.42136 -2.6551805