-0.000525
-0.00105
-0.0015749999999999998
-0.0021
-0.002625
-0.00315
-0.0036750000000000003
-0.0042
-0.004725
-0.0052499999999999995
-0.005774999999999999
-0.006299999999999999
-0.006824999999999999
-0.007349999999999999
-0.007875
-0.0084
-0.008925
-0.00945
-0.009975000000000001
-0.010500000000000002
-0.011025000000000002
-0.011550000000000003
-0.012075000000000002
-0.012600000000000004
-0.013125000000000003
-0.013650000000000002
-0.014175000000000004
-0.014700000000000003
-0.015225000000000004
-0.015750000000000004
-0.016275000000000005
-0.016800000000000006
-0.017325000000000007
-0.017850000000000005
-0.018375000000000006
-0.018900000000000007
-0.019425000000000008
-0.01995000000000001
-0.020475000000000007
-0.021000000000000008
-0.02152500000000001
-0.02205000000000001
-0.02257500000000001
-0.02310000000000001
-0.02362500000000001
-0.024150000000000012
-0.024675000000000013
-0.025200000000000014
-0.025725000000000012
-0.02625000000000001
-0.02677500000000001
-0.027300000000000012
-0.027825000000000013
-0.028350000000000014
-0.028875000000000012
-0.029400000000000013
-0.029925000000000014
-0.030450000000000015
-0.030975000000000016
-0.031500000000000014
-0.03202500000000002
-0.032550000000000016
-0.033075000000000014
-0.03360000000000002
-0.034125000000000016
-0.03465000000000002
-0.03517500000000002
-0.035700000000000016
-0.03622500000000002
-0.03675000000000002
-0.03727500000000002
-0.03780000000000002
-0.03832500000000002
-0.03885000000000002
-0.03937500000000002
-0.039900000000000026
-0.04042500000000002
-0.04095000000000002
-0.041475000000000026
-0.04200000000000002
-0.04252500000000002
-0.043050000000000026
-0.04357500000000002
-0.04410000000000003
-0.044625000000000026
-0.04515000000000002
-0.04567500000000003
-0.046200000000000026
-0.04672500000000003
-0.04725000000000003
-0.047775000000000026
-0.04830000000000003
-0.04882500000000003
-0.04935000000000003
-0.04987500000000003
-0.05040000000000003
-0.05092500000000003
