-210.4038256027286
-405.4351865215052
-585.7383186940779
-751.9175634276535
-904.531932009814
-1044.0897791845002
-1171.043559648018
-1285.7845491659496
-1388.6372711835306
-1479.8531556498278
-1559.6026234732847
-1627.9642580871543
-1684.9088492279254
-1730.274598709685
-1763.7271232875366
-1784.6929527969985
-1792.2455286109364
-1784.902414265782
-1760.2466676355923
-1714.1733415953033
-1639.2681092183602
-1521.1076462863293
-1332.2341557611173
-1073.2734732010897
-897.4551744635336
-839.7177138268727
-851.0270749075562
-907.3495476476418
-998.103207671702
-1118.0816384337031
-1264.5046541047925
-1435.830001493918
-1631.211584062245
-1850.2257285876444
-2092.720997186725
-2358.7300615907834
-2648.4150256228213
-2962.031860719213
-3299.906319525489
-3662.417045645436
