-4.0517230310811355e-05
-4.6640421409318696e-05
-6.909440170799956e-05
4.827544275645365e-05
-0.0032381777214681596
-0.004194538516470147
-0.004957450610419413
-0.005591087936711724
-0.0063128539954020214
-0.002590305100604859
-0.0001354841989663008
-0.00010745618990143043
-9.153076294166662e-05
-8.580393684757234e-05
-8.899644726081854e-05
-0.00010023058292727289
-0.00011888112567092555
-0.00014446073611985922
-0.00017649670316697067
-0.00021441962664061785
-0.00025678369667759247
-0.00030064377987791015
-0.00033662512760382004
-0.00030861840021838765
0.009562246024537237
0.01025880704157659
0.010452888533490355
0.01064173065542388
0.010825546894123069
0.011004512840576195
0.011178766313826045
0.011348407492640617
0.01151349751921124
0.01167405526525116
0.011830051713958503
0.011981401040220354
0.01212794685188176
0.012269440960839451
0.012405510008482513
