4.0517230310811355e-05
4.6640421409318696e-05
6.935199445162491e-05
0.00010689896830006608
0.00669917765032223
0.007701727491221263
0.008544446080370555
0.009281013431588577
0.009917766213662091
0.01057764486402804
0.011135453429889407
0.011660688849527777
0.012149965910983709
0.012607345433754151
0.013035923432538505
0.01343808852687345
0.013815690982733999
0.014170156228529346
0.014502561950940651
0.014813689269976714
0.015104074985562056
0.015419016104017125
0.015718787038223325
0.016003206615092153
0.016707835238472545
0.01699919084947155
0.01724752355853224
0.01748467314690329
0.017710861535094293
0.017926253595436585
0.018130956753285743
0.01834452069348908
0.018562101566196275
0.018771285662804227
0.01897202113643307
0.01916419181618829
0.01934760337665364
0.01952196196207771
0.019686840624219996
