556974.8196213471
1113950.6492586725
1670925.3055445203
2227843.2866678806
2649727.5224405285
3111348.4092927207
3568651.029392781
4023277.866053335
4478069.446517376
4832704.561060978
5257449.466146954
5689311.41298384
6120898.074955301
6552347.389784342
6983759.692875217
7415207.969615743
7846744.333310175
8278403.971813371
8710207.121435864
9142159.219518026
9574247.133080214
10006430.08800389
10438601.93811233
10870285.430674778
11479723.82474321
11915176.596781025
12337469.16799987
12760264.247064743
13183567.764659185
13607383.608810542
14031713.792574098
14456558.4274937
14881915.621955156
15307781.287371483
15734148.823188169
16161008.632652912
16588347.38914883
17016146.91577689
17444382.433305234
