453.7402345894552
1685.3873481511982
3718.9088234838055
6711.010477278149
450234.15759625786
762151.3128338141
1086652.8095093647
1416148.5030730322
1778840.6276232796
2126720.748829125
2453439.2868495975
2808337.1105035227
3165427.4193995115
3524307.3693525805
3884654.8704265417
4246204.386263522
4608729.291638355
4972028.171200781
5335912.624103718
5700195.907693591
6064664.692889623
6429051.740371464
6792895.828178747
7154460.3437614385
7864212.683208768
8155598.182637256
8528741.87922542
8902295.815935858
9276209.628174817
9650434.202525552
10024921.266050294
10399622.43788935
10774488.169955477
11149466.493063293
11524501.448708102
11899531.024395844
12274484.30112208
12649277.322934205
13023806.819840316
