0 93175736
4.1666698 1.4321434e+008
8.3333302 2.8336157e+008
12.5 3.89564e+008
16.66667 4.823857e+008
20.83333 5.6637203e+008
25 6.42784e+008
29.16667 7.1223872e+008
33.333328 7.7522605e+008
37.5 8.3219808e+008
41.666672 8.8358042e+008
45.833328 9.2977101e+008
50 9.7113965e+008
54.166672 1.0080268e+009
58.333328 1.0407439e+009
62.5 1.0695736e+009
66.666672 1.0947702e+009
70.833328 1.1165599e+009
75 1.1351412e+009
79.166672 1.1506847e+009
83.333328 1.1633304e+009
87.5 1.1731803e+009
91.666672 1.1802771e+009
95.833328 1.1845587e+009
100 1.1859456e+009