1286246.8060746142
2574127.1206249073
3862025.121871855
5149940.705337436
6437873.753707822
7725824.152599955
9013791.778921025
10301776.517206471
11589778.253366163
12877796.87044385
14165832.248414284
15453884.267936874
16741952.816881133
18030037.777499422
19318139.030652843
20606256.458222672
21894389.94770829
23182539.379981976
24470704.636804767
25758885.601316944
27047082.155178558
28335294.18522812
29623521.571585737
30911764.19669065
32200021.947855372
33488294.703113656
34776582.348685935
36064884.76516872
37353201.837557524
38641533.44769314
39929879.479636416
41218239.81563141
42506614.336378016
43795002.930094235
45083405.4785688
46371821.86251605
47660251.964462824
48948695.67173617
50237152.8623876
51525623.42575283
52814107.237824716
54102604.18605626
55391114.15579301
56679637.0256896
57968172.67872362
59256721.00111602
60545281.874562055
61833855.18300395
63122440.811385825
64411038.63908976
65699648.5492907
66988270.42801144
68276904.16280031
69565549.62516299
70854206.70664895
72142875.29107262
73431555.25905183
74720246.49424075
76008948.879448
77297662.3016976
78586386.63636304
79875121.77667634
81163867.60096896
82452623.99005938
83741390.83268994
85030168.00946943
86318955.40585515
87607752.90199567
88896560.38424154
90185377.73499654
91474204.83699699
92763041.57225893
94051887.82955731
95340743.48955406
96629608.43722805
97918482.5516611
99198973.59861904
100487825.56483859
101776688.5598507
103065562.45513307
104354447.1399867
105643342.4861705
106932248.37884563
108221164.69793054
109510091.31922054
110799028.12360507
112087974.9925958
113376931.8013783
114665898.43326579
115954874.76365197
117243860.67555062
118532856.04656217
119821860.758649
121110874.68545322
122399897.71376373
123688929.71967396
124977970.57799065
126267020.17187521
127556078.38433354
128845145.09077783
130134220.16815281
131423303.49872704
132712394.95982301
134001494.43273285
135290601.79634058
136579716.92936248
137868839.70965484
139157970.01818854
140447107.73344487
141736252.73480856
143025404.89823815
144314564.10663494
145603730.23791963
146892903.17307007
148182082.78895393
149471268.96547392
150760461.57902658
152049660.51062703
153338865.63896284
154628076.84462285
155917294.00307983
157206516.9956783
158495745.7004958
159784979.99918523
161074219.76669866
162363464.88350573
163652715.2259423
164941970.67966905
166231231.11501086
167520496.41863692
168809766.4624544
170099041.13027793
171388320.29934496
172677603.84480685
173966891.65236464
175256183.59587637
176545479.55320108
177834779.40717357
179124083.03346527
180413390.3123895
181702701.12087202
182992015.33866972
184281332.84534624
185570653.51842746
186859977.23546925
188149303.87658018
189438633.32024208
190727965.44527298
192017300.12859148
193306637.24924976
194595976.68575585
195885318.32146645
197174662.029014
198464007.68735415
199753355.17642558
201042704.37439036
202332055.1617937
203621407.41153157
204910761.0078685
206200115.82717916
207489471.74786332
208778828.64922103
210068186.4068645
211357544.90103796
212646904.00835595
213936263.61238867
215225623.58690295
216514983.81214038
217804344.1650926
219093704.52477825
220383064.7660661
221672424.77438924
222961784.42586294
224251143.59438053
225540502.1623921
226829860.00370157
228119217.00131142
229408573.03286538
230697927.97539335
231987281.70834017
233276634.1063608
234565985.0515832
235855334.42005292
237144682.09183437
238434027.94240034
239723371.8533807
241012713.69989765
242302053.36159307
243591390.71791625
244880725.64291367
246170058.01895478
247459387.7217697
248748714.6306815
250038038.62077
251327359.57564366
252616677.3698949
253905991.88075382
255195302.9870267
256484610.5702887
257773914.503023
