-20545.607193373464
-41303.54647804916
-62307.82487941157
-83558.45473454881
-105055.44844888635
-126798.8183475762
-148788.57667147162
-171024.7355850268
-193507.3071747254
-216236.30344700592
-239211.73632173467
-262433.61763797305
-285901.9591696126
-309616.7726007842
-333578.0695302845
-357785.86147981393
-382240.159906375
-406940.97616863134
-431888.3215500866
-457082.2072536806
-482522.64440060087
-508209.6440484124
-534143.2171527349
-560323.3745959764
-586750.1272000788
-613423.4856708646
-640343.4606677576
-667510.0627437638
-694923.3023938269
-722583.1900191675
-750489.735948966
-778642.9504258723
-807042.8436008815
-835689.4255897023
-864582.7063922237
-893722.6959186369
-923109.4040140663
-952742.8404676483
-982623.0149355755
-1012749.9370648048
-1043123.6163342306
-1073744.0622189438
-1104611.2841029842
-1135725.2912406616
-1167086.0928368233
-1198693.6980413785
-1230548.1158894538
-1262649.3553568907
-1294997.4253429729
-1327592.3346265987
-1360434.0919324418
-1393522.7059322093
-1426858.1852345087
-1460440.5382227106
-1494269.7733773643
-1528345.8990343723
-1562668.9234175803
-1597238.8546998901
-1632055.7009644264
-1667119.4702588625
-1702430.170430539
-1737987.8094328404
-1773792.39498365
-1809843.934742721
-1846142.436382119
-1882687.9074005908
-1919480.3552726828
-1956519.787332675
-1993806.210905367
-2031339.6331907734
-2069120.0613124184
-2107147.5023035305
-2145421.9632019186
-2183943.450867284
-2222711.9721302455
-2261727.533669214
-2300856.8016161416
-2340364.7084750887
-2380119.693037587
-2420121.762674763
-2460370.9249122925
-2500867.1869533537
-2541610.5561075225
-2582601.039525618
-2623838.644219182
-2665323.377191539
-2707055.245366579
-2749034.255500697
-2791260.4143818584
-2833733.728597429
-2876454.204768901
-2919421.8493541526
-2962636.6687932257
-3006098.6693136543
-3049807.857267867
-3093764.2387576574
-3137967.8197758202
-3182418.6063716924
-3227116.604511027
-3272061.819948868
-3317254.258380929
-3362693.9255133634
-3408380.826882817
-3454314.9680124875
-3500496.3543001204
-3546924.991061284
-3593600.883505532
-3640524.036824165
-3687694.4560743077
-3735112.1462482056
-3782777.1121924026
-3830689.3588005155
-3878848.8907861286
-3927255.712846175
-3975909.829504613
-4024811.2452686154
-4073959.9644933594
-4123355.991536944
-4172999.330632463
-4222889.98596712
-4273027.961540814
-4323413.261389855
-4374045.889402233
-4424925.849457197
-4476053.14520547
-4527427.780337364
-4579049.758366475
-4630919.082928168
-4683035.757238889
-4735399.784792226
-4788011.168670064
-4840869.912138255
-4893976.0182299465
-4947329.489846272
-5000930.330050474
-5054778.541546319
-5108874.1270508105
-5163217.089308038
-5217807.430813274
-5272645.154090187
-5327730.2614953965
-5383062.755373327
-5438642.637975567
-5494469.911425618
-5550544.577758817
-5606866.6389958
-5663436.097029235
-5720252.953680547
-5777317.210634063
-5834628.869552146
-5892187.931991105
-5949994.399556515
-6008048.273487193
-6066349.555108505
-6124898.2456829
-6183694.346341634
-6242737.858204143
-6302028.782089406
-6361567.119047757
-6421352.869832493
-6481386.035163902
-6541666.615701826
-6602194.611931164
-6662970.024370538
-6723992.8533515055
-6785263.099333676
-6846780.762401485
-6908545.8427417595
-6970558.340372384
-7032818.2552748285
-7095325.587229509
-7158080.3362520635
-7221082.501986338
-7284332.083936825
-7347829.081773414
-7411573.494821476
-7475565.322606413
-7539804.564401954
-7604291.219381673
-7669025.28671063
-7734006.765320133
-7799235.654288979
-7864711.952423945
-7930435.658570908
-7996406.77135277
-8062625.28949992
-8129091.211451141
-8195804.53570727
-8262765.260679072
-8329973.38451854
-8397428.905562108
-8465131.821847938
-8533082.131447518
-8601279.832209393
-8669724.922178399
-8738417.399019895
-8807357.26039537
-8876544.503941888
-8945979.12730674
-9015661.127738344
