7.5e-05
0.00015
0.000225
0.0003
0.000375
0.00045000000000000004
0.0005250000000000001
0.0006
0.0006749999999999999
0.0007499999999999999
0.0008249999999999999
0.0008999999999999999
0.0009749999999999997
0.00105
0.001125
0.0012
0.001275
0.00135
0.0014250000000000003
0.0015000000000000002
0.0015750000000000002
0.0016500000000000004
0.0017250000000000004
0.0018000000000000004
0.0018750000000000004
0.0019500000000000003
0.0020250000000000003
0.0021000000000000007
0.0021750000000000007
0.0022500000000000007
0.0023250000000000007
0.0024000000000000007
0.002475000000000001
0.002550000000000001
0.002625000000000001
0.002700000000000001
0.002775000000000001
0.002850000000000001
0.0029250000000000014
0.0030000000000000014
0.0030750000000000013
0.0031500000000000013
0.0032250000000000013
0.0033000000000000017
0.0033750000000000017
0.0034500000000000017
0.0035250000000000017
0.0036000000000000016
0.003675000000000002
0.0037500000000000016
0.0038250000000000016
0.0039000000000000016
0.003975000000000002
0.0040500000000000015
0.004125000000000002
0.004200000000000002
0.004275000000000002
0.004350000000000002
0.004425000000000002
0.004500000000000002
0.004575000000000002
0.004650000000000002
0.004725000000000003
0.004800000000000002
0.004875000000000003
0.004950000000000002
0.0050250000000000026
0.005100000000000003
0.0051750000000000025
0.005250000000000003
0.0053250000000000025
0.005400000000000003
0.005475000000000003
0.005550000000000003
0.005625000000000003
0.005700000000000003
0.005775000000000003
0.005850000000000004
0.005925000000000003
0.006000000000000004
0.006075000000000003
0.0061500000000000036
0.006225000000000004
0.0063000000000000035
0.006375000000000004
0.0064500000000000035
0.006525000000000004
0.006600000000000004
0.006675000000000004
0.006750000000000004
0.006825000000000004
0.006900000000000004
0.006975000000000005
0.007050000000000004
0.007125000000000005
0.007200000000000004
0.0072750000000000046
0.007350000000000005
0.0074250000000000045
0.007500000000000005
0.0075750000000000045
0.007650000000000005
0.007725000000000005
0.007800000000000005
0.007875000000000005
0.007950000000000006
0.008025000000000004
0.008100000000000005
0.008175000000000005
0.008250000000000006
0.008325000000000006
0.008400000000000005
0.008475000000000005
0.008550000000000006
0.008625000000000006
0.008700000000000006
0.008775000000000005
0.008850000000000005
0.008925000000000006
0.009000000000000006
0.009075000000000007
0.009150000000000005
0.009225000000000006
0.009300000000000006
0.009375000000000007
0.009450000000000007
0.009525000000000006
0.009600000000000006
0.009675000000000007
0.009750000000000007
0.009825000000000007
0.009900000000000006
0.009975000000000006
0.010050000000000007
0.010125000000000007
0.010200000000000008
0.010275000000000006
0.010350000000000007
0.010425000000000007
0.010500000000000008
0.010575000000000008
0.010650000000000007
0.010725000000000007
0.010800000000000008
0.010875000000000008
0.010950000000000008
0.011025000000000007
0.011100000000000007
0.011175000000000008
0.011250000000000008
0.011325000000000009
0.011400000000000007
0.011475000000000008
0.011550000000000008
0.011625000000000009
0.011700000000000009
0.011775000000000008
0.011850000000000008
0.012000000000000009
0.01207500000000001
0.012150000000000008
0.012225000000000008
0.012300000000000009
0.01237500000000001
0.01245000000000001
0.012525000000000008
0.012600000000000009
0.01267500000000001
0.01275000000000001
0.01282500000000001
0.012900000000000009
0.012975000000000009
0.01305000000000001
0.01312500000000001
0.01320000000000001
0.013275000000000009
0.01335000000000001
0.01342500000000001
0.01350000000000001
0.01357500000000001
0.01365000000000001
0.01372500000000001
0.01380000000000001
0.01387500000000001
0.013950000000000011
0.01402500000000001
0.01410000000000001
0.01417500000000001
0.014250000000000011
0.014325000000000011
0.01440000000000001
0.01447500000000001
0.01455000000000001
0.014625000000000011
0.014700000000000012
0.01477500000000001
0.01485000000000001
0.014925000000000011
0.01500000000000001
