4.08149112151307e-05
6.0140549103132664e-05
9.9951252150163e-05
0.00015098626776625042
0.0002195897778491193
0.0003184608474148699
0.0004746281294159896
0.0007676571162681685
0.0012810735286246766
0.0019469631096383042
0.002563139769522264
0.0030988440764453235
0.0035727492148315537
0.004000638148246214
0.0043938772315534145
0.0047601962991428515
0.005103609130989794
0.005422413651100881
0.0057011127064080635
0.005962450489645513
0.006209072724335165
0.006444904069269301
0.00667093819026469
0.006888016932545512
0.007096972655092046
0.007298560030170258
0.007493437609519678
0.007682174962234958
0.007865265513577758
0.008043138849013667
0.008216171152297549
0.00838469377324802
0.008549000208765452
0.00870935179882404
0.008865982395593773
0.00901910221329654
0.009168901022368586
0.009315550816130882
0.00945920805056559
0.00960001553646011
0.0097381040467123
0.009873593688840443
0.010006595082829133
0.010137210376687076
0.010265534125994595
0.010391654058888025
0.010515651744084772
0.010637603176471486
0.010757579292297464
0.010875646424006987
0.010991866703107452
0.011106298418131419
0.011218996333653277
0.01133001197540907
0.011439393885817549
0.011547187853570699
0.011653437120438195
0.011758182567989614
0.011861462886566091
0.011963314728518934
0.012063772847467952
0.012162870225102766
0.012260638186857888
0.012357106507626663
0.012452303508534865
0.012546256145672867
0.012639036313261132
0.012730572083288417
0.012820934425902555
0.01291014827917578
0.012998234997332209
0.01308521483712595
0.013171107136945841
0.013255930369754755
0.013339702186381633
0.013422439455384523
0.013504158300024474
0.013584874132586492
0.013664601686248683
0.013743355044679334
0.013821147669525373
0.013897992425936137
0.01397390160625558
0.014048886951999226
0.014122959674222234
0.014196130472373497
0.014268409551719893
0.014339806639416615
0.014410330999289397
0.014479991445387589
0.014548796354359168
0.014616753676691248
0.014683870946853268
0.014750155292371758
0.014815613441862217
0.014881176160080212
0.014951496156888512
0.01502113224387287
0.015090090099856093
0.01515837508628404
0.015225992251878945
0.015292946336468653
0.015359241773981683
0.015424882694594327
0.015490111018080913
0.015565560872539245
0.015640409996656977
0.01571466748077908
0.015788342185449087
0.01586144275328971
0.015933977620632873
0.016005955028950542
0.016077383036143856
0.016148269527752796
0.01621862222814648
0.016288448711762427
0.016357756414469835
0.01642655264513364
0.0164948445974721
0.01656263936230583
0.01662994394031279
0.0166967652554159
0.01676311016895638
0.016828985494823007
0.01689439801574356
0.01695935450097642
0.017023861725690766
0.017087926492379363
0.017151555654720936
0.017214756144398085
0.017277535001498742
0.017339899409271897
0.017401856734210616
0.017463414572684337
0.017524580805680957
0.017585363663677474
0.01764577180425761
0.017705814405956
0.017765501282969633
0.01782484302706058
0.017883851185381067
0.01794253848652368
0.018000919132469043
0.018059009182416135
0.01811682706772158
0.018174394298889625
0.018231736462643318
0.018288884673047942
0.01834587776411301
0.01840276575664793
0.018459615656844383
0.01851652187356888
0.018573626783046596
0.018631166993038975
0.018689599906004807
0.018750761465172138
0.01881701433242458
0.01878061386528479
0.018827857597456393
0.01888631472620302
0.01894711143875822
0.019007666497974578
0.019067914869781596
0.019127858420069734
0.019187500455331543
0.019246844252283807
0.01930589302697373
0.01936464993567194
0.019423118076402717
0.0194813004904506
0.01953920016379477
0.019596820028516978
0.019654162964153003
0.019711231799006846
0.01976802931141333
0.01982455823096928
0.019880821239722173
0.01993682097332095
0.019992560022132243
0.02004804093232058
0.020103266206899315
0.020158238306742113
0.020212959651567577
0.020267432620906026
0.02032165955500947
0.02037564275576651
0.020429384487564616
0.020482886978141223
0.020536152419405512
0.020589182968241714
0.020641980747281078
0.02069454784565749
0.020746886319740997
0.020798998193847267
0.02085088546093118
0.020902550083262555
0.020953993993077857
0.021005219093215552
0.021056227257737828
