-108.15546911537376
-189.44979170959778
-230.35502614634424
-225.04023951980707
-160.01196692385565
-2.4443088812076894
340.6263591366769
1217.6874500399863
3559.6991887306176
8269.622945919724
14563.253291158035
21829.88636769631
30021.166891476896
39374.77628291304
50486.96649408706
64676.95375159061
85172.20806661586
118645.83092728574
166045.5251496079
222215.0913119441
280452.77733243717
340295.23772977124
401449.94686638616
463713.70260929456
526939.5911182248
591015.1886617321
655850.4612594201
721371.021175737
787514.0560000758
854225.6755286072
921459.0771975388
989173.2190850244
1057331.8257371816
1125902.622178714
1194856.730214698
1264168.1837299394
1333813.533524163
1403771.5209819858
1474022.805664484
1544549.7357742323
1615336.1532054213
1686367.2267827396
1757629.308734329
1829109.8104644686
1900797.0944883686
1972680.3800038327
2044749.6600244653
2116995.6283816043
2189409.6151858033
2261983.529585302
2334709.8088272214
2407581.372797595
2480591.5833493588
2553734.2077974393
2627003.386096408
2700393.6012368686
2773899.652505745
2847516.631266244
2921239.8989801975
2995065.067227953
3068987.9795064926
3143004.6946182298
3217111.471480593
3291304.755224948
3365581.164432418
3439937.4794162656
3514377.811999151
3588885.1094196737
3663462.9100030046
3738109.132106017
3812821.252497333
3887596.8232331043
3962433.4960120646
4037329.0176424505
4112281.224281576
4187288.0359804626
4262347.451580046
4337457.543939744
4412616.455467578
4487822.393929386
4563073.6285070935
4638368.4860959705
4713705.347803691
4789082.64565458
4864498.859460839
4939952.513866973
5015442.175532782
5090966.450453307
5166523.9814072335
5242113.445505682
5317733.551845613
5393383.039255609
5469060.6741112275
5544765.248229908
5620495.576819002
5696250.4964758735
5772028.863235352
5847829.5506413225
5923651.447850283
5999493.45774798
6075354.495069338
6151233.484523145
6227129.35889189
6303041.057119408
6378967.522360565
6454907.699979048
6530860.535498898
6606824.972470416
6682799.950256794
6758784.401715758
6834777.250750601
6910777.409729386
6986783.776724378
7062795.232565221
7138810.637662226
7214828.828571282
7290848.614258708
7366868.7720169155
7442888.042979106
7518905.127169458
7594918.678012686
7670927.296210857
7746929.522896919
7822923.8319177255
7898908.6211177185
7974882.202428741
8050842.79055482
8126788.489973025
8202717.279937465
8278626.997061293
8354515.3149799695
8430379.72045018
8506217.485081617
8582025.631659279
8657800.893724084
8733539.666667039
8809237.948032785
8884891.26396044
8960494.577592436
9036042.173718378
9111527.511651777
9186943.034927405
9262279.921256552
9337527.74809838
9412674.036253152
9487703.61237603
9562597.694280552
9637332.536287876
9711877.345821697
9786190.928822322
9860215.972035566
9933868.563231254
10007017.04578285
10079433.25138187
10150655.0847896
10218957.418442735
10280792.061900262
10410094.615438987
10124166.58989329
10201128.945998447
10278540.21630198
10355972.46159331
10433426.224627081
10510901.246809658
10588397.248956097
10665913.95606664
10743451.097750798
10821008.408116309
10898585.625652572
10976182.493112031
11053798.75740394
11131434.169480395
11209088.484234698
11286761.460397461
11364452.86043488
11442162.450456988
11519890.000115728
11597635.282519177
11675398.074139848
11753178.154726425
11830975.307219435
11908789.317669202
11986619.975154065
12064467.071702203
12142330.402213214
12220209.764385689
12298104.958641576
12376015.7880566
12453942.058288584
12531883.577509487
12609840.156339603
12687811.607781768
12765797.747157058
12843798.392043306
12921813.362211172
12999842.47956767
13077885.568095313
13155942.453795103
13234012.964628695
