122220.61109086969
244411.7840513702
366615.7028666775
488818.27259573084
611017.4671449201
733208.1583852806
855372.8756679689
977310.5970844859
1098790.3425724648
1219267.1069343186
1339122.0198535165
1458587.3689575158
1577660.6687199385
1696277.38938816
1814261.8775568597
1931198.1545113183
2045968.3450117575
2156163.3470974783
2258715.508446492
2358376.2528475905
2457567.7284570136
2556316.2850534245
2654615.5840135617
2752498.6225795117
2850008.167215018
2947184.7424113704
3044064.2042717687
3140677.8170080073
3237052.8273477415
3333213.0600394863
3429179.436719739
3524970.409673635
3620602.321298113
3716089.7021723054
3811445.5194217428
3906681.3847145857
4001807.729441852
4096833.9530283115
4191768.54916027
4286619.21366603
4381392.937206457
4476096.085164399
4570734.466819221
4665313.395431731
4759837.74064749
4854311.97430503
4948740.210661331
5043126.241720844
5137473.568506664
5231785.428650703
5326064.820893578
5420314.526848025
5514537.130449864
5608735.035273531
5702910.480045824
5797065.552594905
5891202.20235796
5985322.251627723
6079427.405729991
6173519.262225254
6267599.319208067
6361668.9828376435
6455729.574217746
6549782.335596321
6643828.436043343
6737868.976624836
6831911.478347096
6925944.500622983
7019974.519136042
7114002.768104583
7208030.0936358245
7302057.27632393
7396085.053369383
7490114.122331791
7584145.143555114
7678178.742393198
7772215.511225801
7866256.011329258
7960300.774612961
8054350.305225863
8148405.081007605
8242465.554895573
8336532.15614014
8430605.291539889
8524685.346468104
8618772.685922073
8712867.655405797
8806970.581834551
8901081.774286509
8995201.524754917
9089330.108821187
9183467.786275903
9277614.801653415
9371771.384802483
9465937.751310753
9560114.10296664
9654300.62811749
9748497.502028424
9842704.887194714
9936922.933572102
10031151.778835606
10125391.54854541
10219642.356309513
10313904.303890513
10408177.481264066
10502461.966678632
10596757.826627789
10691065.115778401
10785383.876921365
10879714.140794178
10974055.925903136
11068409.238263821
11162774.071114046
11257150.40452376
11351538.20499102
11445937.424895754
11540348.00192387
11634769.858373102
11729202.900365664
11823647.016895846
11918102.078838874
12012567.937689979
12107044.42423161
12201531.346891252
12296028.489947472
12390535.611451946
12485052.44071407
12579578.675589751
12674113.979131535
12768657.975791732
12863210.246945722
12957770.325605545
13052337.690131072
13146911.756818645
13241491.870870976
13336077.295572827
13430667.19908995
13525260.638123486
13619856.537664032
13714453.665549554
13809050.599976141
13903645.687637093
13998236.988759825
14092822.203710018
14187398.573009646
14281962.73777278
14376510.53961423
14471036.724322576
14565534.485700568
14659994.729570754
14754404.814446678
14848746.228304163
14942989.850492723
15037084.828068439
15130926.225261515
15224175.058195373
15315332.784606203
15418139.810999978
15091265.912768653
15182749.156896954
15273538.061508572
15364333.449240856
15455153.819463704
15545999.67564554
15636871.107231276
15727768.192677287
15818691.0085938
15909639.630015822
16000614.13042418
16091614.58183008
16182641.054749576
16273693.618276063
16364772.340119557
16455877.28660628
16547008.5227673
16638166.112289617
16729350.11762415
16820560.599974085
16911797.619317457
17003061.234458823
17094351.50306409
17185668.481620964
17277012.225553416
17368382.789175402
17459780.225746483
17551204.58749677
17642655.925624643
17734134.29035985
17825639.730921566
17917172.29560876
18008732.03176149
18100318.985829063
18191933.203332324
18283574.72893475
18375243.60642031
18466939.878738414
18558663.588007048
18650414.775506906
18742193.481754266
