4.0663565754290665e-05
4.729333756232368e-05
7.364111994719737e-05
9.070348363994064e-05
0.0001355032645750762
0.0002345106872327734
0.009122275587549897
0.009363837914226566
0.010041527133522929
0.010660839875737401
0.0112317046345318
0.011761319689950166
0.012254972507187609
0.012716619564744625
0.013149338968907007
0.013555529022198523
0.013937069195610274
0.014295426436240847
0.014631725205125966
0.014946791086569485
0.015262886960562633
0.015579289583801875
0.015879269028918466
0.016162764944864672
0.016429397835011104
0.016678342236386003
0.016908083420247553
0.01711602921848938
0.017325233094481435
0.017443003693142316
0.01812456090010354
0.01837516301404892
0.018608209056823442
0.01885350538014645
0.01910676151251934
0.01935311794690372
0.01959286304486357
0.01982626852500638
0.020053595388285248
0.020275101578051666
