-4.0663565754290665e-05
-4.729333756232368e-05
-7.329594282448027e-05
-1.7631956653052132e-06
0.00010203135890071707
-4.442446501930733e-05
-0.004056569804801825
-0.00034283236504768273
-0.000274492837076065
-0.00025071522298731426
-0.0002352680191567205
-0.00022986989502344593
-0.00024499019003434313
-0.00026830169988881106
-0.0003004978630371943
-0.00034130864551279216
-0.00039050677990950047
-0.0004480052914325024
-0.0005138904074643173
-0.0005884383468695274
-0.000672137552570774
-0.000765726011259445
-0.0008702516110831996
-0.0009871651713124312
-0.0011184552855262122
-0.0012668064991489393
-0.0014355302644336084
-0.0016256883168996967
-0.001386833908128115
-0.002063488200725028
0.010433468342845508
0.011216618612454555
0.01137808739795838
0.011533977432575643
0.011684249173836548
0.011828757365615629
0.011967277373944329
0.01209948407155764
0.012224919819048581
0.012342944596365374
