586892.351940839
1173677.1703623382
1760683.8973884399
2347543.21655003
2934459.4534628293
3521098.9389264584
3644789.3120286977
4148572.6181683782
4604598.295867133
5059550.687827584
5513617.323801383
5967120.877716157
6420399.950736469
6873515.344426755
7326588.797312257
7779705.856611484
8232930.50617387
8686310.262785412
9139879.587219605
9593661.996552091
10047671.182821935
10501911.229409585
10956375.807980321
11411045.928763784
11865885.184139278
12320829.805960294
12775765.580074921
13230457.5778818
13682724.992579516
14137694.222076012
14284969.424869496
14730247.515964987
15176411.284369566
15623183.473927235
16070512.968436906
16518398.386239534
16966836.2924557
17415820.832157854
17865343.13791989
18315390.398946054
