-0.0008125000000000001
-0.0016250000000000001
-0.0024375000000000004
-0.0032500000000000003
-0.0040625
-0.004875
-0.0056875
-0.0065
-0.0073124999999999996
-0.008124999999999999
-0.0089375
-0.00975
-0.0105625
-0.011375000000000001
-0.012187500000000002
-0.013000000000000003
-0.013812500000000004
-0.014625000000000004
-0.015437500000000005
-0.016250000000000004
-0.017062500000000005
-0.017875000000000005
-0.018687500000000006
-0.019500000000000007
-0.020312500000000008
-0.02112500000000001
-0.02193750000000001
-0.02275000000000001
-0.02356250000000001
-0.02437500000000001
-0.025187500000000012
-0.026000000000000013
-0.026812500000000013
-0.027625000000000014
-0.028437500000000015
-0.029250000000000016
-0.030062500000000016
-0.030875000000000017
-0.03168750000000002
-0.032500000000000015
