-225438.9960808303
-450955.40162529534
-676487.5125654173
-902035.3141703478
-1127598.8171275433
-1353178.0280803135
-1578772.941138824
-1804383.5676059723
-2030009.9067570434
-2255651.9561448656
-2481309.725033056
-2706983.2078274675
-2932672.4128785753
-3158377.3359475136
-3384100.2059015976
-3609837.0817075884
-3835589.7586975326
-4061358.2424869672
-4287142.538832463
-4512942.656105325
-4738758.599376074
-4964590.374650701
-5190437.99132699
-5416301.456848037
-5642180.776541015
-5868075.955844366
-6093987.003314983
-6319913.928552634
-6545856.733201661
-6771815.429514574
-6997790.019687616
-7223780.515157063
-7449786.918955142
-7675809.239904608
-7901847.487797169
-8127901.664375783
-8353971.780976056
-8580057.844809938
-8806159.863055695
-9032277.841430593
-9258411.790872104
-9484561.710236888
-9710727.61592396
-9936909.515732598
-10163107.412691325
-10389321.013000973
-10615550.8761588
-10841796.751238577
-11068058.647196379
-11294336.57337138
-11520630.53343032
-11746940.533428293
-11973266.586607702
-12199608.693912603
-12425966.863564555
-12652341.103313904
-12878731.424653953
-13105137.82343835
-13331560.321250776
-13557998.910003465
-13784453.60953226
-14010924.420550512
-14237411.350991912
-14463914.411488393
-14690433.606164968
-14916968.943025801
-15143520.424850166
-15370088.071597906
-15596671.880657969
-15823271.861015406
-16049888.019852128
-16276520.367806986
-16503168.912157046
-16729833.66112853
-16956514.619050078
-17183211.7941755
-17409925.200102538
-17636654.389472067
-17863400.19046668
-18090162.233358588
-18316941.2104484
-18543735.827830732
-18770546.68999742
-18997372.93700858
-19224216.282489482
-19451075.910675313
-19677951.83271367
-19904844.05028181
-20131752.61304996
-20358677.460399885
-20585618.609397165
-20812576.103164013
-21039549.920420073
-19756766694169.297
3947189456427.7246
-7712266754052.472
-55697039357945.555
-74678552998491.17
-65069469650353.14
-63489139026909.4
