-115866.6850790301
-231961.79906065823
-348047.8445447498
-464124.6489374499
-580192.0348983841
-696249.8201515838
-812297.817297553
-928335.8336272191
-1044363.6709123851
-1160381.1251870338
-1276387.9865320853
-1392384.0388272896
-1508369.0595142392
-1624342.819318334
-1740305.0819889668
-1856255.603999877
-1972194.134237339
-2088120.4136860478
-2204034.17508402
-2319935.1425622487
-2435823.0312542687
-2551697.5469085104
-2667558.3854400613
-2783405.232498379
-2899237.7629604894
-3015055.640445665
-3130858.516754975
-3246646.0312952925
-3362417.810469066
-3478173.467017082
-3593912.599314209
-3709634.7906244635
-3825339.608299802
-3941026.602925541
-4056695.307401721
-4172345.2359601143
-4287975.883101363
-4403586.722458733
-4519177.205577639
-4634746.760578138
-4750294.7907387465
-4865820.672943108
-4981323.75599902
-5096803.3588177
-5212258.768441836
-5327689.237872764
-5443093.98372824
-5558472.183657486
-5673822.973517441
-5789145.444281648
-5904438.63861077
-6019701.547106814
-6134933.104137408
-6250132.18322881
-6365297.5919385925
-6480428.0661417525
-6595522.263649391
-6710578.75704821
-6825596.025664429
-6940572.446484228
-7055506.283900583
-7170395.678038968
-7285238.631475211
-7400032.994030535
-7514776.4452876
-7629466.47443378
-7744100.356876421
-7858675.127023007
-7973187.546410767
-8087634.066197421
-8202010.782787723
-8316313.385008438
-8430537.090839792
-8544676.57112406
-8658725.856957488
-8772678.226369618
-8886526.064616904
-9000260.690425783
-9113872.13790997
-9227348.880155943
-9340677.475091528
-9453842.106549546
-9566823.98188465
-9679600.530323265
-9792144.319549887
-9904421.566182557
-10016390.047870902
-10127996.111124026
-10239170.271566613
-10349820.54429992
-10459821.951433374
-10568999.226431714
-10677096.48759529
-10783719.168947732
-10888205.650913855
-10989233.5504871
-125220134284.94499
-20191730568691.242
-20040284104211.21
-50997832605831.695
