0.000125
0.00025
0.000375
0.0005
0.0006250000000000001
0.0007500000000000001
0.0008750000000000001
0.001
0.001125
0.00125
0.001375
0.0014999999999999998
0.0016249999999999997
0.0017499999999999998
0.001875
0.002
0.002125
0.0022500000000000003
0.0023750000000000004
0.0025000000000000005
0.0026250000000000006
0.0027500000000000007
0.002875000000000001
0.003000000000000001
0.003125000000000001
0.003250000000000001
0.0033750000000000013
0.0035000000000000014
0.0036250000000000015
0.0037500000000000016
0.0038750000000000017
0.004000000000000002
0.004125000000000002
0.004250000000000002
0.004375000000000002
0.004500000000000002
0.004625000000000002
0.0047500000000000025
0.004875000000000003
0.005000000000000003
0.005125000000000003
0.005250000000000003
0.005375000000000003
0.005500000000000003
0.005625000000000003
0.005750000000000003
0.0058750000000000035
0.006000000000000004
0.006125000000000004
0.006250000000000003
0.006375000000000003
0.006500000000000003
0.006625000000000003
0.006750000000000003
0.0068750000000000035
0.007000000000000004
0.007125000000000004
0.007250000000000004
0.007375000000000004
0.007500000000000004
0.007625000000000004
0.007750000000000004
0.007875000000000005
0.008000000000000005
0.008125000000000005
0.008250000000000006
0.008375000000000006
0.008500000000000006
0.008625000000000006
0.008750000000000006
0.008875000000000006
0.009000000000000006
0.009125000000000006
0.009250000000000006
0.009375000000000007
0.009500000000000007
0.009625000000000007
0.009750000000000007
0.009875000000000007
0.010000000000000007
0.010125000000000007
0.010250000000000007
0.010375000000000007
0.010500000000000008
0.010625000000000008
0.010750000000000008
0.010875000000000008
0.011000000000000008
0.011125000000000008
0.011250000000000008
0.011375000000000008
0.011500000000000008
0.011625000000000009
0.011750000000000009
0.011875000000000009
0.012000000000000009
0.012125000000000009
0.01225000000000001
0.01237500000000001
0.01250000000000001
