19130.040698071345
38238.07994793884
57323.897768169845
76387.31544487027
95428.15287449765
114446.22867462787
133441.3601816656
152413.36345415184
171362.05327042178
190287.24313140014
209188.74526264827
228066.37061363482
246919.9288621768
265749.2284156903
284554.07641395956
303334.278732599
322089.6399872864
340819.9635359512
359525.05148397695
378204.7046895382
396858.7227679494
415486.904097362
434089.04582474724
452664.94387236686
471214.3929449144
489737.1865368036
508233.11693937564
526701.975249535
545143.551378637
563557.6340620527
581944.0108682154
600302.4682091682
618632.7913516233
636934.7644277356
655208.1704477618
673452.7913110713
691668.4078205152
709854.7996949845
728011.745583628
746139.0230802145
764236.408738926
782303.6780892606
800340.6056522096
818346.9649583348
836322.5285632691
854267.0680659105
872180.35412903
890062.1564949892
907912.2440071362
925730.384629323
943516.3454660513
961269.8927829035
978990.7920281257
996678.8078539771
1014333.7041376363
1031955.2440026249
1049543.1898418183
1067097.3033363733
1084617.345477842
1102103.0765883396
1119554.2563369873
1136970.6437593254
1154351.9972688914
1171698.0746698042
1189008.633161378
1206283.4293373842
1223522.219176439
1240724.7580184354
1257890.8565445556
1275020.1593514322
1292112.4729021802
1309167.5492789159
1326185.1393464087
1343164.9924224096
1360106.8557827296
1377010.47391497
1393875.5873735226
1410701.9309881614
1427489.2309850787
1444237.2002118006
1460945.5299368494
1477613.875087935
1494241.8262592778
1510828.8529839974
1527374.1789960242
1543876.477634757
1560333.0169131078
1576736.7420102425
1593062.8627573294
1609165.2269999012
1623043.8138023454
1636187.3754665214
1642689.6272866384
1631711.5503142017
1634119.1556269913
1581636.4027016463
1565146.0661484578
1555115.54286533
1547941.4854574623
1542394.7101124146
