-4.030167936998269e-05
-4.5966699795785975e-05
-6.533358808365738e-05
0.0001524008102028714
-0.0027781475654088806
-0.003840297061183929
-0.004698022982174264
-0.005429269973447075
-0.0060701432289186775
-0.0066406796528872
-0.007152930051356157
-0.007309183643670076
-0.0034463260907396753
-0.0018862069328534755
-0.0017432836239779659
-0.0015961405964937073
-0.0014458195996748524
-0.001292790747843248
-0.0011368847096281816
-0.0009769632603250842
-0.00081001167464762
-0.0006281000996592399
-0.0004007828150593153
-0.00047943473600670723
-0.0004596477594931541
0.010158176232052622
0.010389830439185312
0.010614675921380509
0.010833077883256974
0.01104537196191545
0.011251867551837297
0.011452849129985954
0.011648576420145013
0.011839282870078117
0.012025171193025744
0.012206402866045863
0.012383072834933945
0.012555139135882078
