0.000375
0.00075
0.0011250000000000001
0.0015
0.001875
0.00225
0.0026249999999999997
0.0029999999999999996
0.0033749999999999995
0.0037499999999999994
0.004124999999999999
0.0045
0.004875
0.00525
0.005625000000000001
0.006000000000000001
0.006375000000000001
0.006750000000000002
0.007125000000000002
0.0075000000000000015
0.007875000000000002
0.008250000000000002
0.008625000000000002
0.009000000000000003
0.009375000000000003
0.010500000000000004
0.010875000000000004
0.011250000000000005
0.011625000000000005
0.012000000000000005
0.012375000000000006
0.012750000000000006
0.013125000000000006
0.013500000000000007
0.013875000000000007
0.014250000000000007
0.014625000000000008
0.015000000000000006
