4.030167936998269e-05
4.5984022842748945e-05
6.564679470770846e-05
0.0001953194656297096
0.0031419472934726333
0.004168821444756737
0.00505683828488794
0.005811599034637743
0.006360458658168375
0.006882184862716824
0.00741032791256792
0.009309683717294539
0.010372346406669527
0.010551681104431611
0.010997078409419747
0.011405628929231418
0.011780064583537773
0.012137307374690768
0.01246644535710167
0.0127629550503243
0.013020804296914134
0.013223028884787841
0.013301965901074728
0.013976274037168274
0.014298102727719648
0.016253755342246712
0.016520776175787573
0.016775970411833725
0.01701956572780454
0.017251620614278734
0.017471991595796176
0.017680276335355734
0.017875715959744708
0.018057023426183205
0.01822206599753882
0.018367228859297428
0.01848597937032806
0.018564977906174895
