552274.9695571441
1104551.159675503
1656827.3729241316
2208885.4556250335
2667856.418456968
3126820.881995558
3581420.871654411
4033697.8803800624
4484598.5926814675
4934419.030697634
5384375.726418231
5842163.692198232
6133692.126833104
6558636.25851179
6988035.572198337
7417744.479867399
7847815.592823619
8278283.351552989
8709166.288569735
9140466.164113643
9572160.829761548
10004176.315747544
10436223.086248878
10871229.51191326
11305241.927973377
12328132.223675096
12749825.701285535
13172171.249782654
13595171.117157932
14018825.963096099
14443134.829772154
14868095.03042242
15293701.85743744
15719947.981803317
16146822.264836261
16574307.314195134
17002373.94360224
17430966.264243517
