402.6542962380572
1586.1955940413718
3570.8755829745933
7078.06659882317
315975.38561242435
621324.1564663213
940763.2229617714
1268119.979411798
1600188.5648916299
1933400.9805219867
2282174.4093799735
2688883.950823004
2966993.289139953
3308525.4882877204
3667478.070788769
4028015.836889953
4389859.086380623
4752761.405477309
5116495.663638901
5480831.7659740485
5845493.419160651
6210030.40589744
6573098.539372436
6956966.383524422
7354862.805430037
8230456.8202960305
8604209.500819894
8978464.839259509
9353165.050042316
9728255.52509505
10103683.827891005
10479398.3359757
10855346.390276114
11231471.465238184
11607708.329261027
11983973.739943013
12360145.877595995
12736009.161562847
