-0.000575
-0.00115
-0.001725
-0.0023
-0.0028750000000000004
-0.0034500000000000004
-0.004025000000000001
-0.0046
-0.005175
-0.00575
-0.006325
-0.006899999999999999
-0.007474999999999999
-0.00805
-0.008625
-0.0092
-0.009775
-0.010350000000000002
-0.010925000000000002
-0.011500000000000003
-0.012075000000000004
-0.012650000000000003
-0.013225000000000004
-0.013800000000000005
-0.014375000000000004
-0.014950000000000005
-0.015525000000000004
-0.016100000000000007
-0.016675000000000006
-0.017250000000000005
-0.017825000000000008
-0.018400000000000007
-0.01897500000000001
-0.01955000000000001
-0.020125000000000007
-0.02070000000000001
-0.02127500000000001
-0.021850000000000012
-0.02242500000000001
-0.023000000000000013
-0.023575000000000013
-0.024150000000000012
-0.024725000000000014
-0.025300000000000013
-0.025875000000000016
-0.026450000000000015
-0.027025000000000014
-0.027600000000000017
-0.028175000000000016
-0.028750000000000015
-0.029325000000000014
-0.029900000000000013
-0.030475000000000016
-0.031050000000000015
-0.031625000000000014
-0.03220000000000002
-0.03277500000000002
-0.03335000000000002
-0.03392500000000002
-0.03450000000000002
-0.03507500000000002
-0.03565000000000002
-0.03622500000000002
-0.03680000000000002
-0.03737500000000002
-0.037950000000000025
-0.038525000000000025
-0.039100000000000024
-0.03967500000000002
-0.04025000000000002
-0.04082500000000003
-0.04140000000000003
-0.041975000000000026
-0.042550000000000025
-0.043125000000000024
-0.04370000000000003
-0.04427500000000003
-0.04485000000000003
-0.04542500000000003
-0.04600000000000003
-0.04657500000000003
-0.04715000000000003
-0.04772500000000003
-0.04830000000000003
-0.04887500000000003
-0.049450000000000036
-0.050025000000000035
-0.050600000000000034
-0.05117500000000003
-0.05175000000000003
-0.05232500000000004
-0.05290000000000004
-0.053475000000000036
