0 0.00066761591
0.24783 0.00074364775
0.49566001 0.00099448184
0.74348998 0.0015623331
0.99132001 0.0023752488
1.23915 0.0034575576
1.48699 0.0044415486
1.73482 0.0055080056
1.98265 0.0068126838
2.23048 0.0080689183
2.4783101 0.0096719181
2.72614 0.011253394
2.9739699 0.013151318
3.2218001 0.014995729
3.46963 0.017448191
3.7174599 0.019631267
3.9652901 0.022497945
4.21312 0.025085377
4.4609599 0.028486466
4.7075801 0.032029692
4.9475899 0.036102846
5.1810002 0.04062172
5.4078302 0.045476522
5.62813 0.050965924
5.8419299 0.056919556
6.0492902 0.063521564
6.2502899 0.07056845
6.4450002 0.078594692
6.6335201 0.086980127
6.8159199 0.09634608
6.9923201 0.10645833
7.1628299 0.11792509
7.3275499 0.13040452
7.4866099 0.14455837
7.64012 0.15923584
7.7882199 0.17565604
7.9310198 0.19206734
8.0686703 0.20917673
8.2012796 0.22532868
8.3290005 0.23824428
8.4519596 0.24424328
8.5702896 0.24174273
8.6841202 0.22322626
8.7936001 0.20445251
8.8988504 0.088397205
9 0.052092798