-4.0517230310811355e-05
-4.6640421409318696e-05
-6.909440170799956e-05
4.827544275645365e-05
-0.002929027536978877
-0.004194505663856423
-0.004957451063045946
-0.005591087924578137
-0.004033499659506875
-0.006890922484468172
-0.006533050064086646
-0.00010750379507527235
-9.153076228252997e-05
-8.580393684758453e-05
-8.899644726085427e-05
-0.000100230582927249
-0.0001188811256709476
-0.00014446073611983345
-0.0001764967031669281
-0.00021441962664062343
-0.0002567836966775541
-0.0003006437798779143
-0.00033662512760381685
-0.00030861840021837724
-0.000570587047864727
0.009568946326577453
0.010259040944715978
0.01045288856907587
0.01064173065542314
0.010825546894123064
0.011004512840576193
0.011178766313826045
0.011348407492640624
0.011513497519211248
0.01167405526525115
0.011830051713958498
0.011981401040220356
0.01212794685188177
0.012269440960839451
0.012405510008482511
