453.7402345894552
1685.3873481511982
3718.9088234838055
6711.010477278149
499480.29164826433
762148.5261075959
1086652.9006113652
1416148.5011145836
2190264.3763331748
2151841.2337047537
2403221.144109535
2808337.83262585
3165427.4193831864
3524307.36935239
3884654.8704261663
4246204.386263472
4608729.291638665
4972028.171200389
5335912.624103134
5700195.907693347
6064664.692889278
6429051.740371311
6792895.828178888
7154460.343761757
7519936.250071467
7793371.650372882
8155764.768416271
8528741.86694869
8902295.81593827
9276209.628175009
9650434.202525103
10024921.266050735
10399622.437889578
10774488.169955611
11149466.493063286
11524501.448708279
11899531.024396062
12274484.301122736
12649277.322934588
13023806.81984063
