2.083335	97.916665	-0.02913930460025609	1.806743227350026e-05	0.0010236216114521404	1.806743227350026e-05	4.9345426315884656e-05	-6.365408772569867e-07	0.0010236216114521406	-6.365408772569867e-07	-3.595834615024763e-05
6.25	97.916665	-0.029015002712838193	1.802809831437633e-05	0.0010148891022180534	1.8028098314376335e-05	0.00011170660849952848	-6.431877266754055e-07	0.0010148891022180534	-6.431877266754054e-07	-3.549887135168732e-05
10.416665000000002	97.916665	-0.02876670693443189	1.7910132334482185e-05	0.0009975668659369715	1.7910132334482185e-05	0.0001735905949105601	-6.536224113616223e-07	0.0009975668659369715	-6.536224113616221e-07	-3.459344438862684e-05
14.583335	97.916665	-0.028395658015747838	1.77131284596005e-05	0.0009719571247873262	1.7713128459600502e-05	0.0002347329329618748	-6.676369065424044e-07	0.0009719571247873263	-6.676369065424044e-07	-3.3269177874531906e-05
18.75	97.916665	-0.02790339855381505	1.743710968029465e-05	0.0009384959644127004	1.7437109680294648e-05	0.0002948721932362749	-6.849674592803197e-07	0.0009384959644127003	-6.849674592803197e-07	-3.1565106866469416e-05
22.916665000000002	97.916665	-0.02729177875359105	1.708255642740817e-05	0.0008977467373569452	1.7082556427408174e-05	0.0003537514978739791	-7.053008279627857e-07	0.0008977467373569453	-7.053008279627857e-07	-2.953078382044486e-05
27.083334999999998	97.916665	-0.026563550760944205	1.66504354483544e-05	0.0008504106284365742	1.66504354483544e-05	0.0004111190123077578	-7.2828075058237e-07	0.0008504106284365742	-7.2828075058237e-07	-2.72251168834722e-05
31.249999999999996	97.916665	-0.025721755383142364	1.6142215493967904e-05	0.0007972945404141722	1.6142215493967907e-05	0.0004667291808903514	-7.535145099317875e-07	0.0007972945404141722	-7.535145099317874e-07	-2.4713517520604528e-05
35.416664999999995	97.916665	-0.024769732836084087	1.5559871986317446e-05	0.0007392988283652954	1.5559871986317446e-05	0.0005203441638119167	-7.80579800093256e-07	0.0007392988283652953	-7.805798000932559e-07	-2.206555891884173e-05
39.583335000000005	97.916665	-0.023711663234949765	1.4905892395677838e-05	0.0006774190186287169	1.4905892395677838e-05	0.0005717343047817279	-8.090312180519801e-07	0.000677419018628717	-8.090312180519803e-07	-1.9352941749639365e-05
43.75	97.916665	-0.022551993563441522	1.4183263964509047e-05	0.0006127116092043214	1.4183263964509047e-05	0.0006206792794621827	-8.384065925535668e-07	0.0006127116092043213	-8.384065925535669e-07	-1.664633580473248e-05
47.916664999999995	97.916665	-0.021295452065832002	1.339544917287032e-05	0.0005462778928063112	1.339544917287032e-05	0.0006669693888037159	-8.682334397502633e-07	0.000546277892806311	-8.682334397502633e-07	-1.4012886325137477e-05
52.083335000000005	97.916665	-0.019947513122296368	1.2546363789866995e-05	0.0004792581469040949	1.2546363789866996e-05	0.0007104059861219271	-8.98034835727034e-07	0.0004792581469040949	-8.98034835727034e-07	-1.1514135921769664e-05
56.25	97.916665	-0.018513885447369424	1.1640337796603472e-05	0.00041279877345595995	1.1640337796603476e-05	0.0007508024940263156	-9.273352509043886e-07	0.00041279877345596	-9.273352509043886e-07	-9.203461445062416e-06
60.416664999999995	97.916665	-0.017000528578348394	1.068206474732119e-05	0.0003480345953178837	1.068206474732119e-05	0.0007879855026211218	-9.556665722175177e-07	0.00034803459531788363	-9.556665722175177e-07	-7.124270337362344e-06
64.583335	97.916665	-0.015414023271721236	9.676557104004118e-06	0.0002860780308778651	9.676557104004118e-06	0.0008217951361600917	-9.825736385600137e-07	0.0002860780308778651	-9.825736385600135e-07	-5.308707830696604e-06
68.75	97.916665	-0.013761139765013506	8.629089537131061e-06	0.00022799086152291845	8.629089537131058e-06	0.0008520858945372414	-1.0076200123060773e-06	0.00022799086152291843	-1.0076200123060771e-06	-3.7764138531374486e-06
72.916665	97.916665	-0.012048854999056162	7.545132753947819e-06	0.0001747676958860465	7.545132753947819e-06	0.0008787275079762589	-1.0303940022496881e-06	0.00017476769588604653	-1.0303940022496881e-06	-2.5340265077824254e-06
77.083335	97.916665	-0.010284613643704985	6.430297866012123e-06	0.00012732349006800933	6.430297866012124e-06	0.0009016052220348806	-1.0505143458898593e-06	0.00012732349006800935	-1.0505143458898593e-06	-1.5752189431686245e-06
81.25	97.916665	-0.00847599267153248	5.290276432674042e-06	8.647261096641287e-05	5.290276432674042e-06	0.0009206204233953569	-1.0676362008434205e-06	8.647261096641287e-05	-1.067636200843421e-06	-8.810829140803695e-07
85.416665	97.916665	-0.006630718440605842	4.130773583090153e-06	5.291606334709475e-05	4.130773583090153e-06	0.0009356912097710266	-1.0814572022251351e-06	5.291606334709475e-05	-1.081457202225135e-06	-4.2111868208768325e-07
89.583335	97.916665	-0.004756808229985978	2.957456520513749e-06	2.7231037553199127e-05	2.9574565205137482e-06	0.0009467525738210678	-1.091723126262406e-06	2.7231037553199127e-05	-1.091723126262406e-06	-1.5466787097468624e-07
93.75	97.916665	-0.002862344286489345	1.7759062252098074e-06	9.85887747168539e-06	1.7759062252098071e-06	0.0009537567808694312	-1.0982335039026258e-06	9.858877471685391e-06	-1.0982335039026258e-06	-3.2706746704025484e-08
97.916665	97.916665	-0.0009554904958004599	5.915642108792398e-07	1.0981256009347665e-06	5.9156421087924e-07	0.0009566736242866376	-1.1008467762066834e-06	1.0981256009347665e-06	-1.1008467762066834e-06	3.129328364835447e-12
102.083335	97.916665	0.0009554904943569203	-5.903013755106268e-07	1.0994847347227172e-06	-5.903013755106267e-07	0.0009554904943065018	-1.0994847346068268e-06	1.0994847347227172e-06	-1.0994847346068266e-06	2.528796074952336e-09
106.25	97.916665	0.0028623442726345687	-1.7646218544527316e-06	9.862931566251957e-06	-1.7646218544527314e-06	0.0009502124872567477	-1.0941361750441722e-06	9.862931566251957e-06	-1.0941361750441722e-06	3.523112344058546e-08
110.416665	97.916665	0.004756808191840062	-2.9265583902616507e-06	2.7237717099938912e-05	-2.9265583902616503e-06	0.0009408623320287122	-1.0848593901732308e-06	2.7237717099938912e-05	-1.0848593901732308e-06	1.5717705555756287e-07
114.583335	97.916665	0.00663071836733151	-4.071511006465086e-06	5.2925253834358317e-05	-4.071511006465085e-06	0.000927480338108953	-1.071783525909958e-06	5.2925253834358317e-05	-1.071783525909958e-06	4.236048468686105e-07
118.75	97.916665	0.008475992553803689	-5.1951197653833485e-06	8.648415484528023e-05	-5.195119765383348e-06	0.0009101242306868074	-1.0551083746302382e-06	8.648415484528024e-05	-1.0551083746302382e-06	8.835379683305962e-07
122.916665	97.916665	0.010284613474117927	-6.2932710528681876e-06	0.00012733718947702404	-6.293271052868188e-06	0.0008888687512837689	-1.0351024613001779e-06	0.00012733718947702404	-1.0351024613001777e-06	1.5776344691722504e-06
127.083335	97.916665	0.012048854772462043	-7.362082947956875e-06	0.00017478331605925486	-7.362082947956875e-06	0.0008638054889110853	-1.0120997857945878e-06	0.00017478331605925488	-1.0120997857945876e-06	2.5363937163779817e-06
131.25	97.916665	0.013761139478771339	-8.397887313766715e-06	0.00022800813482512267	-8.397887313766715e-06	0.0008350424508826845	-9.864946160408e-07	0.00022800813482512264	-9.864946160408e-07	3.7787235618610786e-06
135.416665	97.916665	0.015414022925843207	-9.397218819710342e-06	0.0002860966614157482	-9.397218819710342e-06	0.0008027033579475168	-9.587345156707033e-07	0.0002860966614157481	-9.587345156707033e-07	5.310950466500118e-06
139.583335	97.916665	0.017000528175548486	-1.0356785825978459e-05	0.0003480542640251626	-1.0356785825978455e-05	0.0007669273712657415	-9.29312290128816e-07	0.0003480542640251626	-9.29312290128816e-07	7.126435965868342e-06
143.75	97.916665	0.01851388499300612	-1.1273445479751939e-05	0.0004128191435691574	-1.1273445479751937e-05	0.0007278684226602232	-8.98756265103082e-07	0.00041281914356915736	-8.987562651030819e-07	9.205539826562118e-06
147.916665	97.916665	0.019947512624203176	-1.214418762107864e-05	0.00047927886974348137	-1.214418762107864e-05	0.0006856942393653933	-8.676193489490428e-07	0.00047927886974348137	-8.676193489490428e-07	1.1516116592424628e-05
152.083335	97.916665	0.021295451534059904	-1.296610488514295e-05	0.0005462986137504014	-1.296610488514295e-05	0.0006405859856910178	-8.364677766097736e-07	0.0005462986137504012	-8.364677766097736e-07	1.4014758702427347e-05
156.25	97.916665	0.02255199300990962	-1.3736374732068311e-05	0.0006127319737607283	-1.3736374732068313e-05	0.0005927373869600953	-8.058690834315491e-07	0.0006127319737607282	-8.058690834315492e-07	1.6648089314290603e-05
160.416665	97.916665	0.023711662673022993	-1.4452251162064103e-05	0.0006774386784962908	-1.4452251162064101e-05	0.0005423535296755707	-7.763798504523865e-07	0.0006774386784962906	-7.763798504523865e-07	1.9354565968688326e-05
164.583335	97.916665	0.024769732280094672	-1.511104742228927e-05	0.000739317447382764	-1.511104742228927e-05	0.0004896504393408674	-7.485341532431849e-07	0.0007393174473827642	-7.485341532431848e-07	2.2067043732972017e-05
168.75	97.916665	0.0257217548478677	-1.5710135760077585e-05	0.0007973118003001289	-1.5710135760077585e-05	0.0004348540386519247	-7.228323910057347e-07	0.0007973118003001289	-7.228323910057347e-07	2.4714853288938792e-05
172.91666499999997	97.916665	0.026563550261068734	-1.624695598503616e-05	0.0008504262342117114	-1.6246955985036155e-05	0.0003781987750058728	-6.997309313417909e-07	0.0008504262342117114	-6.997309313417909e-07	2.7226294605410583e-05
177.083335	97.916665	0.027291778303170425	-1.6719019227082834e-05	0.0008977604223669883	-1.6719019227082834e-05	0.00031992715514027727	-6.796333395763823e-07	0.0008977604223669884	-6.796333395763823e-07	2.9531795299942848e-05
181.25	97.916665	0.027903398165756127	-1.7123929305813307e-05	0.0009385074948726625	-1.7123929305813307e-05	0.0002602885805951256	-6.628829076411035e-07	0.0009385074948726625	-6.628829076411035e-07	3.156594486841189e-05
185.41666499999997	97.916665	0.028395657701330807	-1.745941009050753e-05	0.0009719663037496706	-1.745941009050753e-05	0.00019953785667447546	-6.497567024878955e-07	0.0009719663037496705	-6.497567024878954e-07	3.326983626618673e-05
189.583335	97.916665	0.02876670670289683	-1.772333097752165e-05	0.000997573536637663	-1.772333097752165e-05	0.00013793470149987673	-6.404615859934551e-07	0.0009975735366376628	-6.404615859934551e-07	3.459391826315405e-05
193.75	97.916665	0.029015002571042326	-1.791374550788207e-05	0.001014893150747809	-1.791374550788207e-05	7.574250165889014e-05	-6.351318717479518e-07	0.0010148931507478092	-6.351318717479518e-07	3.549915712953306e-05
197.91666499999997	97.916665	0.02913930455241876	-1.8028931860215888e-05	0.001023622968681119	-1.8028931860215884e-05	1.3226755978336612e-05	-6.338286582995523e-07	0.001023622968681119	-6.338286582995524e-07	3.595844165300642e-05
