0.0099999998 -0.00026602074
0.02 -0.0014588246
0.029999999 -0.0042380639
0.039999999 -0.0088511091
0.050000001 -0.014949031
0.059999999 -0.022135254
0.07 -0.030611034
0.079999998 -0.040832214
0.090000004 -0.052813996
0.1 -0.066080205
0.11 -0.080428749
0.12 -0.096221574
0.13 -0.11375741
0.14 -0.13287328
0.15000001 -0.15313424
0.16 -0.17443253
0.17 -0.19718535
0.18000001 -0.22160384
0.19 -0.24729176
0.2 -0.27382374
0.20999999 -0.30130649
0.22 -0.33012339
0.23 -0.36020154
0.23999999 -0.39103261
0.25 -0.42235067
0.25999999 -0.45430321
0.27000001 -0.48710018
0.28 -0.52051032
0.28999999 -0.55396235
0.30000001 -0.58725846
0.31 -0.6206131
0.31999999 -0.65403026
0.33000001 -0.6870544
0.34 -0.7192058
0.34999999 -0.75043231
0.36000001 -0.78083104
0.37 -0.81018859
0.38 -0.8380664
0.38999999 -0.86413503
0.40000001 -0.88836515
0.41 -0.91077113
0.41999999 -0.93107897
0.43000001 -0.9489392
0.44 -0.96422625
0.44999999 -0.97695339
0.46000001 -0.98704034
0.47 -0.99430591
0.47999999 -0.99865866
0.49000001 -1.0001146
0.5 -0.99867052
0.50999999 -0.99429268
0.51999998 -0.98702914
0.52999997 -0.97702312
0.54000002 -0.96433955
0.55000001 -0.94896185
0.56 -0.93101251
0.56999999 -0.91079772
0.57999998 -0.8885569
0.58999997 -0.86429113
0.60000002 -0.83803636
0.61000001 -0.81011033
0.62 -0.7809329
0.63 -0.7507112
0.63999999 -0.71935815
0.64999998 -0.68693829
0.66000003 -0.65395457
0.67000002 -0.6208449
0.68000001 -0.58758104
0.69 -0.55400008
0.69999999 -0.52033055
0.70999998 -0.487124
0.72000003 -0.45461661
0.73000002 -0.42260951
0.74000001 -0.3909772
0.75 -0.3600089
0.75999999 -0.33022186
0.76999998 -0.30168402
0.77999997 -0.27399331
0.79000002 -0.24709626
0.80000001 -0.22145493
0.81 -0.19741762
0.81999999 -0.17477469
0.82999998 -0.15314212
0.83999997 -0.13263769
0.85000002 -0.11370398
0.86000001 -0.096496291
0.87 -0.080704361
0.88 -0.065973446
0.88999999 -0.052535124
0.89999998 -0.040883504
0.91000003 -0.030948965
0.92000002 -0.022270123
0.93000001 -0.014706137
0.94 -0.008641284
0.94999999 -0.0044027022
0.95999998 -0.0017414222
0.97000003 -0.0002624304
0.98000002 1.7954459e-005
0.99000001 -0.0013057074
1 -0.0044698301
1.01 -0.0090936758
1.02 -0.014787482
1.03 -0.021807872
1.04 -0.030593177
1.05 -0.041108359
1.0599999 -0.052907139
1.0700001 -0.065805197
1.08 -0.080164917
1.09 -0.096289441
1.1 -0.11399891
1.11 -0.13285732
1.12 -0.1527793
1.13 -0.17421746
1.14 -0.19736372
1.15 -0.22178541
1.16 -0.24710196
1.17 -0.27346116
1.1799999 -0.30122402
1.1900001 -0.33031985
1.2 -0.36025286
1.21 -0.39076445
1.22 -0.42203724
1.23 -0.45429501
1.24 -0.48729503
1.25 -0.520455
1.26 -0.5536198
1.27 -0.5870443
1.28 -0.6207037
1.29 -0.65413773
1.3 -0.68689013
1.3099999 -0.7189185
1.3200001 -0.75033206
1.33 -0.78091985
1.34 -0.81021839
1.35 -0.83788937
1.36 -0.86392558
1.37 -0.8883484
1.38 -0.91084814
1.39 -0.93104208
1.4 -0.94880432
1.41 -0.96414566
1.42 -0.97696942
1.4299999 -0.98705852
1.4400001 -0.99428165
1.45 -0.99863559
1.46 -1.0001142
1.47 -0.99866366
1.48 -0.99428582
1.49 -0.98708564
1.5 -0.97711301
1.51 -0.96435058
1.52 -0.94890839
1.53 -0.93104446
1.54 -0.91096854
1.55 -0.88869631
1.5599999 -0.86426044
1.5700001 -0.83796543
1.58 -0.81021547
1.59 -0.78120285
1.6 -0.75084746
1.61 -0.71923554
1.62 -0.68688226
1.63 -0.65419757
1.64 -0.6211437
1.65 -0.58760697
1.66 -0.55383617
1.67 -0.52036375
1.6799999 -0.48743871
1.6900001 -0.45486969
1.7 -0.42254391
1.71 -0.39078975
1.72 -0.36012909
1.73 -0.33060849
1.74 -0.30182934
1.75 -0.27379119
1.76 -0.24697779
1.77 -0.22169738
1.78 -0.19774848
1.79 -0.17477952
1.8 -0.15290821
1.8099999 -0.1325966
1.8200001 -0.11399672
1.83 -0.096767887
1.84 -0.080579184
1.85 -0.065700248
1.86 -0.052619707
1.87 -0.04122502
1.88 -0.031059105
1.89 -0.022032501
1.9 -0.01451447
1.91 -0.0088140508
1.92 -0.0046899384
1.9299999 -0.0017293096
1.9400001 2.8890328e-005
1.95 0.00015229797
1.96 -0.0015606354
1.97 -0.004703165
1.98 -0.0089096958
1.99 -0.014475854
2 -0.021818927
2.01 -0.030863315
2.02 -0.041192681
2.03 -0.052634109
2.04 -0.065545976
2.05 -0.080251873
2.0599999 -0.0965399
2.0699999 -0.11396619
2.0799999 -0.13249317
2.0899999 -0.15258853
2.0999999 -0.17441855
2.1099999 -0.19752873
2.1199999 -0.22158097
2.1300001 -0.2467557
2.1400001 -0.27339041
2.1500001 -0.30142528
2.1600001 -0.33037195
2.1700001 -0.35996923
2.1800001 -0.39045212
2.1900001 -0.42205301
2.2 -0.45449802
2.21 -0.48721915
2.22 -0.5200994
2.23 -0.5534246
2.24 -0.58714646
2.25 -0.62080204
2.26 -0.65396583
2.27 -0.686593
2.28 -0.71881908
2.29 -0.75043726
2.3 -0.78094596
2.3099999 -0.81001717
2.3199999 -0.83766854
2.3299999 -0.86392027
2.3399999 -0.88843352
2.3499999 -0.91079551
2.3599999 -0.93088764
2.3699999 -0.94871521
2.3800001 -0.96416497
2.3900001 -0.9769935
2.4000001 -0.98702067
2.4100001 -0.9942342
2.4200001 -0.99862558
2.4300001 -1.0001142
2.4400001 -0.99866128
2.45 -0.99432594
2.46 -0.98715073
2.47 -0.9771176
2.48 -0.96430886
2.49 -0.94894189
2.5 -0.93119413
2.51 -0.91109258