0.0099999998 -0.00026596442
0.02 -0.0014654536
0.029999999 -0.0042724144
0.039999999 -0.0089200661
0.050000001 -0.015026695
0.059999999 -0.022219561
0.07 -0.030753264
0.079999998 -0.041073617
0.090000004 -0.053118601
0.1 -0.066390894
0.11 -0.080782451
0.12 -0.096703082
0.13 -0.11438578
0.14 -0.13357563
0.15000001 -0.15384097
0.16 -0.1752259
0.17 -0.19819497
0.18000001 -0.22278537
0.19 -0.24850215
0.2 -0.27505359
0.20999999 -0.30271387
0.22 -0.3317866
0.23 -0.36198571
0.23999999 -0.39281821
0.25 -0.42419329
0.25999999 -0.45636025
0.27000001 -0.4894034
0.28 -0.52285767
0.28999999 -0.55624241
0.30000001 -0.58962917
0.31 -0.6232143
0.31999999 -0.65675008
0.33000001 -0.68968272
0.34 -0.72174698
0.34999999 -0.75305229
0.36000001 -0.78355336
0.37 -0.81285995
0.38 -0.84053987
0.38999999 -0.86645246
0.40000001 -0.89066499
0.41 -0.91299963
0.41999999 -0.93305993
0.43000001 -0.95062673
0.44 -0.96569729
0.44999999 -0.97823048
0.46000001 -0.9880352
0.47 -0.99495435
0.47999999 -0.99897224
0.49000001 -1.0000951
0.5 -0.9982785
0.50999999 -0.99351871
0.51999998 -0.98592299
0.52999997 -0.97556478
0.54000002 -0.96242756
0.55000001 -0.94659716
0.56 -0.92833883
0.56999999 -0.90788937
0.57999998 -0.88526988
0.58999997 -0.86050504
0.60000002 -0.83388788
0.61000001 -0.80583417
0.62 -0.77654946
0.63 -0.74594361
0.63999999 -0.71411216
0.64999998 -0.68157804
0.66000003 -0.64873922
0.67000002 -0.61554354
0.68000001 -0.58187687
0.69 -0.54803473
0.69999999 -0.51455957
0.70999998 -0.48162863
0.72000003 -0.44902694
0.73000002 -0.41669348
0.74000001 -0.3850328
0.75 -0.35453776
0.75999999 -0.32510409
0.76999998 -0.29635772
0.77999997 -0.26845172
0.79000002 -0.24189089
0.80000001 -0.21686365
0.81 -0.19304353
0.81999999 -0.17017612
0.82999998 -0.14856002
0.83999997 -0.12861729
0.85000002 -0.11031299
0.86000001 -0.093208767
0.87 -0.07717675
0.88 -0.062703624
0.88999999 -0.050066091
0.89999998 -0.038909368
0.91000003 -0.028879328
0.92000002 -0.020132599
0.93000001 -0.0131144
0.94 -0.0078600021
0.94999999 -0.0039393217
0.95999998 -0.0011399385
0.97000003 0.00022149216
0.98000002 -0.00025851195
0.99000001 -0.0023814314
1 -0.0056438181
1.01 -0.010113645
1.02 -0.016255584
1.03 -0.024192858
1.04 -0.033560418
1.05 -0.044036165
1.0599999 -0.055862315
1.0700001 -0.069453262
1.08 -0.084738314
1.09 -0.10125793
1.1 -0.11884081
1.11 -0.13792555
1.12 -0.15878364
1.13 -0.18103026
1.14 -0.20427223
1.15 -0.22861747
1.16 -0.25443694
1.17 -0.28173515
1.1799999 -0.31003135
1.1900001 -0.33903146
1.2 -0.36896515
1.21 -0.40010074
1.22 -0.43216446
1.23 -0.46458054
1.24 -0.49727169
1.25 -0.53052211
1.26 -0.56427068
1.27 -0.59805149
1.28 -0.63144344
1.29 -0.66445732
1.3 -0.69723171
1.3099999 -0.7295031
1.3200001 -0.76074672
1.33 -0.79068583
1.34 -0.81940424
1.35 -0.84685934
1.36 -0.87262875
1.37 -0.89634055
1.38 -0.91792113
1.39 -0.93736678
1.4 -0.95450997
1.41 -0.96905714
1.42 -0.98085207
1.4299999 -0.98989987
1.4400001 -0.99616134
1.45 -0.99951851
1.46 -0.9999218
1.47 -0.99741638
1.48 -0.99200785
1.49 -0.98368835
1.5 -0.97256279
1.51 -0.95881832
1.52 -0.94255525
1.53 -0.92375928
1.54 -0.90256083
1.55 -0.87931859
1.5599999 -0.854312
1.5700001 -0.82754177
1.58 -0.79900378
1.59 -0.76907361
1.6 -0.7382248
1.61 -0.70657271
1.62 -0.6740343
1.63 -0.64073426
1.64 -0.60715938
1.65 -0.57372427
1.66 -0.54034144
1.67 -0.50683922
1.6799999 -0.4735136
1.6900001 -0.44092238
1.7 -0.4092108
1.71 -0.37805223
1.72 -0.34741688
1.73 -0.31775519
1.74 -0.28942725
1.75 -0.26233315
1.76 -0.23611651
1.77 -0.2108569
1.78 -0.18707788
1.79 -0.16495304
1.8 -0.14410743
1.8099999 -0.12426089
1.8200001 -0.10574621
1.83 -0.089001663
1.84 -0.073875003
1.85 -0.05995876
1.86 -0.047202785
1.87 -0.03599146
1.88 -0.026618415
1.89 -0.01875931
1.9 -0.012001496
1.91 -0.0065358602
1.92 -0.0028256115
1.9299999 -0.00088401331
1.9400001 -0.00023244205
1.95 -0.00070111116
1.96 -0.0026760348
1.97 -0.0064502433
1.98 -0.011837209
1.99 -0.018410843
2 -0.026164293
2.01 -0.035588466
2.02 -0.046833795
2.03 -0.0594704
2.04 -0.07318937
2.05 -0.088267744
2.0599999 -0.10512329
2.0699999 -0.12360091
2.0799999 -0.14324768
2.0899999 -0.16398124
2.0999999 -0.18613684
2.1099999 -0.20997152
2.1199999 -0.23514637
2.1300001 -0.26118588
2.1400001 -0.28821436
2.1500001 -0.31661698
2.1600001 -0.34632361
2.1700001 -0.37681663
2.1800001 -0.40782261
2.1900001 -0.43958795
2.2 -0.47227108
2.21 -0.50555778
2.22 -0.53894943
2.23 -0.57228446
2.24 -0.60580796
2.25 -0.63947117
2.26 -0.67273635
2.27 -0.70520282
2.28 -0.7368952
2.29 -0.76789314
2.3 -0.79788864
2.3099999 -0.82639593
2.3199999 -0.85320336
2.3299999 -0.87833041
2.3399999 -0.90169954
2.3499999 -0.92297304
2.3599999 -0.94181567
2.3699999 -0.95817614
2.3800001 -0.97206295
2.3900001 -0.98331308
2.4000001 -0.99172795
2.4100001 -0.99724317
2.4200001 -0.99987525
2.4300001 -0.99958903
2.4400001 -0.99634892
2.45 -0.99021769
2.46 -0.98129636
2.47 -0.96959293
2.48 -0.95512134
2.49 -0.93809932
2.5 -0.91880101
2.51 -0.89730769