-256818344.369029
-256818344.3744306
-513122303.84536195
-513122304.51636827
-768899643.8755994
-768899646.8447176
-1024137775.5119507
-1024137783.37779
-1278823743.47323
-1278823759.7914157
-1532944213.754655
-1532944243.0258617
-1786485460.7677903
-1786485508.4229522
-2039433353.9908595
-2039433426.3741934
-2291773344.110382
-2291773448.4591265
-2543490448.631299
-2543490593.054326
-2794569236.936395
-2794569430.388652
-3044993940.6894255
-3044993941.062911
-3294747968.623848
-3294747969.181098
-3543814547.1981354
-3543814548.0042915
-3792176292.38052
-3792176293.516044
-4039815288.173336
-4039815289.735908
-4286713067.8422422
-4286713069.9492216
-4532850594.412331
-4532850597.202358
-4778208240.399325
-4778208244.034903
-5022765766.7455
-5022765771.414718
-5266502300.926521
-5266502306.844864
-5509396314.194279
-5509396321.607483
-5751425597.922071
-5751425607.10726
-5992567239.012009
-5992567250.279839
-6232797594.3281765
-6232797608.02486
-6472092264.114541
-6472092280.623089
-6710426064.355175
-6710426084.097232
-6947772998.034379
-6947773021.471546
-7184106225.250779
-7184106252.885918
-7419398032.138899
-7419398064.517218
-7653619798.549525
-7653619836.259424
-7886741964.4384365
-7886742008.112289
-8118733994.911229
-8118734045.225828
-8349564343.870424
-8349564401.547192
-8579200416.208367
-8579200482.014009
-8807608528.489365
-8807608603.234879
-9034753868.059288
-9034753952.600239
-9260600450.523392
-9260600545.758804
-9485111075.526665
-9485111182.39863
-9708247280.773506
-9708247400.265549
-9929969294.217398
-9929969427.353424
-10150235984.353556
-10150236132.195942
-10369004808.542572
-10369004972.190178
-10586231759.293196
-10586231939.879436
-10801871308.43103
-10801871507.121098
-11015876349.077
-11015876567.065186
-11228198135.36025
-11228198373.866615
-11438786219.786835
-11438786480.054752
-11647588388.188587
-11647588671.479776
-11854550592.169884
-11854550899.761654
-12059616878.977497
-12059617212.158169
-12262729318.712643
-12262729678.77668
-12463827928.807434
-12463828317.05203
-12662850595.691929
-12662851013.410488
-12859732993.57262
-12859733442.05044
-13054408500.254034
-13054408980.762856
-13246808109.932652
-13246808623.724733
-13436860342.898167
-13436860891.200119
-13624491152.082317
-13624491736.089415
-13809623826.402607
-13809624447.272118
-13992178890.85333
-13992179549.698214
-14172074003.30836
-14172074701.189682
-14349223848.00659
-14349224585.927555
-14523540025.708517
-14523540804.60659
-14694930940.521255
-14694931761.260902
-14863301683.409306
-14863302546.775042
-15028553912.427069
-15028554819.114958
-15190585729.728012
-15190586680.338535
-15349291555.434547
-15349292550.46455
-15504561998.476961
-15504563038.311783
-15656283724.54403
-15656284809.449497
-15804339863.529175
-15804339908.832405
-15948607724.661663
-15948607772.742111
-16088961846.533165
-16088961897.458336
-16225271750.643204
-16225271804.470337
-16357402319.423851
-16357402376.20121
-16485213652.200684
-16485213711.96674
-2984678436.718329
-2984678409.006654
-2935946370.89698
-2935946348.7129836
-2887615356.2638626
-2887615337.8215485
-2839671395.598902
-2839671380.288153
-2792101113.622465
-2792101100.940746
-2744891722.328768
-2744891711.860579
-2698030983.575221
-2698030974.9726753
-2651507174.6024623
-2651507167.5728273
-2605309056.212212
-2605309050.5089464
-2559425843.355724
-2559425838.768395
-2513847177.9073243
-2513847174.256815
-2468563103.431685
-2468563100.564177
-2423564041.762965
-2423564039.547472
-2378840771.242578
-2378840769.5651345
-2334384406.4658766
-2334384405.229313
-2290186379.4172745
-2290186378.538039
-2246238421.872614
-2246238421.2779856
-2202532548.964574
-2202532548.5929613
-2159061043.820466
-2159061043.6180067
-2115816443.1800199
-2115816443.101697
-2072791523.9226365
-2072791523.9298215
-2029979290.4269643
-2029979290.4867115
-1987372998.0433433
-1987372955.8041766
