0.0099999998 -0.00026604495
0.02 -0.0014556587
0.029999999 -0.0042244047
0.039999999 -0.0088327629
0.050000001 -0.014946409
0.059999999 -0.022149133
0.07 -0.030614896
0.079999998 -0.040806364
0.090000004 -0.05278445
0.1 -0.066087805
0.11 -0.080455221
0.12 -0.09622065
0.13 -0.11371942
0.14 -0.13283864
0.15000001 -0.15315433
0.16 -0.17447649
0.17 -0.19717142
0.18000001 -0.221541
0.19 -0.24726835
0.2 -0.27387193
0.20999999 -0.30134746
0.22 -0.33008063
0.23 -0.36013618
0.23999999 -0.39103428
0.25 -0.42240837
0.25999999 -0.45433426
0.27000001 -0.48704135
0.28 -0.52044088
0.28999999 -0.55399173
0.30000001 -0.58733338
0.31 -0.62061268
0.31999999 -0.65395194
0.33000001 -0.68701518
0.34 -0.719262
0.34999999 -0.75048673
0.36000001 -0.78080446
0.37 -0.81012666
0.38 -0.8380518
0.38999999 -0.86418968
0.40000001 -0.8884027
0.41 -0.91073304
0.41999999 -0.9310351
0.43000001 -0.94895142
0.44 -0.9642635
0.44999999 -0.97695929
0.46000001 -0.98701841
0.47 -0.99429703
0.47999999 -0.99866349
0.49000001 -1.0001141
0.5 -0.99867088
0.50999999 -0.99430847
0.51999998 -0.98703724
0.52999997 -0.97698903
0.54000002 -0.96430552
0.55000001 -0.94899088
0.56 -0.93106914
0.56999999 -0.91078353
0.57999998 -0.88846779
0.58999997 -0.86425978
0.60000002 -0.83811206
0.61000001 -0.81017643
0.62 -0.78087765
0.63 -0.75057715
0.63999999 -0.71934372
0.64999998 -0.68708026
0.66000003 -0.65400892
0.67000002 -0.62069821
0.68000001 -0.58743644
0.69 -0.55406523
0.69999999 -0.52049714
0.70999998 -0.48710445
0.72000003 -0.45441762
0.73000002 -0.42250463
0.74000001 -0.39109349
0.75 -0.36017507
0.75999999 -0.33013991
0.76999998 -0.3014245
0.77999997 -0.27394938
0.79000002 -0.2473039
0.80000001 -0.22156025
0.81 -0.1972263
0.81999999 -0.17453988
0.82999998 -0.15319821
0.83999997 -0.13285454
0.85000002 -0.11372363
0.86000001 -0.096258953
0.87 -0.080503635
0.88 -0.066100888
0.88999999 -0.052774295
0.89999998 -0.040797435
0.91000003 -0.030639892
0.92000002 -0.022175627
0.93000001 -0.014924193
0.94 -0.0088016968
0.94999999 -0.0042098654
0.95999998 -0.0014576946
0.97000003 -0.00026505542
0.98000002 -0.00022148716
0.99000001 -0.0013998786
1 -0.0041987528
1.01 -0.0088188313
1.02 -0.014913907
1.03 -0.022077417
1.04 -0.030541679
1.05 -0.040773999
1.0599999 -0.052746143
1.0700001 -0.066019088
1.08 -0.080368228
1.09 -0.096133128
1.1 -0.11366675
1.11 -0.13278167
1.12 -0.15305668
1.13 -0.17436552
1.14 -0.19707689
1.15 -0.22147429
1.16 -0.24718605
1.17 -0.2737456
1.1799999 -0.30122605
1.1900001 -0.32998517
1.2 -0.36004511
1.21 -0.39093214
1.22 -0.4222728
1.23 -0.45420238
1.24 -0.48694432
1.25 -0.52034384
1.26 -0.55387354
1.27 -0.58719414
1.28 -0.62049073
1.29 -0.65386212
1.3 -0.68691409
1.3099999 -0.7191425
1.3200001 -0.75037003
1.33 -0.78070241
1.34 -0.81004596
1.35 -0.83796954
1.36 -0.86409241
1.37 -0.88831556
1.38 -0.91066664
1.39 -0.9309817
1.4 -0.9488973
1.41 -0.96420801
1.42 -0.97691971
1.4299999 -0.98699331
1.4400001 -0.99427938
1.45 -0.99865359
1.46 -1.0001141
1.47 -0.99868077
1.48 -0.99432468
1.49 -0.98706347
1.5 -0.97703052
1.51 -0.96435893
1.52 -0.94904464
1.53 -0.93112034
1.54 -0.91085368
1.55 -0.88855821
1.5599999 -0.86434877
1.5700001 -0.83819783
1.58 -0.81025791
1.59 -0.78097653
1.6 -0.7507022
1.61 -0.71945769
1.62 -0.68717492
1.63 -0.65410554
1.64 -0.62082165
1.65 -0.58757764
1.66 -0.55417711
1.67 -0.52058846
1.6799999 -0.48721626
1.6900001 -0.45454466
1.7 -0.42263579
1.71 -0.39120215
1.72 -0.36025432
1.73 -0.33024368
1.74 -0.30155367
1.75 -0.27406502
1.76 -0.24738586
1.77 -0.22162579
1.78 -0.19732851
1.79 -0.1746558
1.8 -0.15327948
1.8099999 -0.13291688
1.8200001 -0.11378276
1.83 -0.096338756
1.84 -0.080601491
1.85 -0.066161588
1.86 -0.05280447
1.87 -0.040843517
1.88 -0.030711589
1.89 -0.022247504
1.9 -0.01494984
1.91 -0.0088112205
1.92 -0.0042526904
1.9299999 -0.0015064541
1.9400001 -0.00030273205
1.95 -0.00023054812
1.96 -0.0013887581
1.97 -0.0042211642
1.98 -0.0088571142
1.99 -0.014921503
2 -0.022053596
2.01 -0.030518232
2.02 -0.040787745
2.03 -0.052760445
2.04 -0.065988556
2.05 -0.080328181
2.0599999 -0.096102722
2.0699999 -0.11365336
2.0799999 -0.13277434
2.0899999 -0.15300463
2.0999999 -0.17429687
2.1099999 -0.19703639
2.1199999 -0.22145103
2.1300001 -0.24714799
2.1400001 -0.27366504
2.1500001 -0.30114624
2.1600001 -0.32994169
2.1700001 -0.3599982
2.1800001 -0.39086434
2.1900001 -0.42218649
2.2 -0.45411175
2.21 -0.48688787
2.22 -0.52029121
2.23 -0.55378723
2.24 -0.58709663
2.25 -0.62040728
2.26 -0.65380675
2.27 -0.68685055
2.28 -0.71904963
2.29 -0.75028592
2.3 -0.78063494
2.3099999 -0.80998933
2.3199999 -0.8379128
2.3299999 -0.86401939
2.3399999 -0.88824892
2.3499999 -0.91062254
2.3599999 -0.93094444
2.3699999 -0.94885683
2.3800001 -0.96416599
2.3900001 -0.97688925
2.4000001 -0.98697716
2.4100001 -0.99426651
2.4200001 -0.99864596
2.4300001 -1.000114
2.4400001 -0.99868822
2.45 -0.99433589
2.46 -0.98708177
2.47 -0.97706318
2.48 -0.9643988
2.49 -0.94908231
2.5 -0.93115586
2.51 -0.91090298