0.0099999998 -0.00026599751
0.02 -0.0014621146
0.029999999 -0.0042584017
0.039999999 -0.0089023318
0.050000001 -0.015025627
0.059999999 -0.022233346
0.07 -0.030753987
0.079999998 -0.041045442
0.090000004 -0.053093307
0.1 -0.066403903
0.11 -0.080806494
0.12 -0.096694484
0.13 -0.11434387
0.14 -0.13355075
0.15000001 -0.15387361
0.16 -0.17525989
0.17 -0.19816105
0.18000001 -0.22272643
0.19 -0.24850352
0.2 -0.27511013
0.20999999 -0.30272785
0.22 -0.33172426
0.23 -0.36193985
0.23999999 -0.39284751
0.25 -0.42425194
0.25999999 -0.45635307
0.27000001 -0.48932174
0.28 -0.52282983
0.28999999 -0.55630952
0.30000001 -0.58967525
0.31 -0.62316352
0.31999999 -0.65667802
0.33000001 -0.68969941
0.34 -0.72181696
0.34999999 -0.75306147
0.36000001 -0.78349417
0.37 -0.81281704
0.38 -0.84057581
0.38999999 -0.86651051
0.40000001 -0.89064735
0.41 -0.9129442
0.41999999 -0.93305528
0.43000001 -0.95066613
0.44 -0.96571547
0.44999999 -0.97820872
0.46000001 -0.98801774
0.47 -0.99495977
0.47999999 -0.99897844
0.49000001 -1.0000947
0.5 -0.99828672
0.50999999 -0.99352759
0.51999998 -0.98589939
0.52999997 -0.97553396
0.54000002 -0.96244788
0.55000001 -0.94664693
0.56 -0.92833191
0.56999999 -0.90781313
0.57999998 -0.88523799
0.58999997 -0.8605727
0.60000002 -0.83395231
0.61000001 -0.80578089
0.62 -0.77642328
0.63 -0.74594522
0.63999999 -0.71425176
0.64999998 -0.68160862
0.66000003 -0.64859015
0.67000002 -0.61543155
0.68000001 -0.58196658
0.69 -0.54817957
0.69999999 -0.51450723
0.70999998 -0.48143673
0.72000003 -0.4489668
0.73000002 -0.41684893
0.74000001 -0.38516143
0.75 -0.3543815
0.75999999 -0.32488203
0.76999998 -0.29641879
0.77999997 -0.26866102
0.79000002 -0.24189833
0.80000001 -0.21662983
0.81 -0.19290209
0.81999999 -0.17032674
0.82999998 -0.14873926
0.83999997 -0.12852502
0.85000002 -0.11004508
0.86000001 -0.093151949
0.87 -0.077423505
0.88 -0.062813491
0.88999999 -0.049825896
0.89999998 -0.038687471
0.91000003 -0.028976904
0.92000002 -0.020369364
0.93000001 -0.013091522
0.94 -0.0075740982
0.94999999 -0.0038042269
0.95999998 -0.0013303891
0.97000003 1.5110786e-005
0.98000002 -0.00010521533
0.99000001 -0.0020569726
1 -0.005656674
1.01 -0.010395342
1.02 -0.016316041
1.03 -0.023920683
1.04 -0.03333322
1.05 -0.044173531
1.0599999 -0.056120407
1.0700001 -0.06938941
1.08 -0.084410407
1.09 -0.1011292
1.1 -0.11910297
1.11 -0.13812168
1.12 -0.15854134
1.13 -0.18072195
1.14 -0.20433484
1.15 -0.22889856
1.16 -0.25447366
1.17 -0.28142628
1.1799999 -0.30981842
1.1900001 -0.33921024
1.2 -0.36921918
1.21 -0.3999936
1.22 -0.43181366
1.23 -0.4645206
1.24 -0.49755353
1.25 -0.53063631
1.26 -0.56403381
1.27 -0.59780902
1.28 -0.63152039
1.29 -0.6646964
1.3 -0.69722652
1.3099999 -0.72924703
1.3200001 -0.76061636
1.33 -0.7908448
1.34 -0.81956261
1.35 -0.84674621
1.36 -0.87243587
1.37 -0.89634776
1.38 -0.91805321
1.39 -0.93740183
1.4 -0.95441175
1.41 -0.96898252
1.42 -0.98088545
1.4299999 -0.98994774
1.4400001 -0.9961549
1.45 -0.99950337
1.46 -0.99992412
1.47 -0.9973911
1.48 -0.99197853
1.49 -0.98373836
1.5 -0.97264683
1.51 -0.95879811
1.52 -0.94243306
1.53 -0.92373353
1.54 -0.90272737
1.55 -0.87944406
1.5599999 -0.85417885
1.5700001 -0.82734764
1.58 -0.79909599
1.59 -0.76935554
1.6 -0.73825377
1.61 -0.70630491
1.62 -0.67390555
1.63 -0.64097452
1.64 -0.60743928
1.65 -0.57361209
1.66 -0.54000276
1.67 -0.50683832
1.6799999 -0.47389808
1.6900001 -0.44110584
1.7 -0.40890288
1.71 -0.37776181
1.72 -0.34763449
1.73 -0.31815141
1.74 -0.28940651
1.75 -0.26194668
1.76 -0.23597436
1.77 -0.21121782
1.78 -0.1874056
1.79 -0.16473387
1.8 -0.14370006
1.8099999 -0.12433773
1.8200001 -0.10620683
1.83 -0.089127101
1.84 -0.073491037
1.85 -0.059692997
1.86 -0.04747764
1.87 -0.036398049
1.88 -0.026541883
1.89 -0.018321628
1.9 -0.011906651
1.91 -0.0069629163
1.92 -0.0031107378
1.9299999 -0.00058341114
1.9400001 0.00015627622
1.95 -0.00085214392
1.96 -0.003133809
1.97 -0.0065115253
1.98 -0.011424519
1.99 -0.018176835
2 -0.026489973
2.01 -0.035983864
2.02 -0.046681382
2.03 -0.059013508
2.04 -0.073170133
2.05 -0.088727467
2.0599999 -0.10533589
2.0699999 -0.12325157
2.0799999 -0.14289933
2.0899999 -0.16418332
2.0999999 -0.18658023
2.1099999 -0.20997059
2.1199999 -0.23471273
2.1300001 -0.26100639
2.1400001 -0.28858167
2.1500001 -0.31695664
2.1600001 -0.34610176
2.1700001 -0.37640586
2.1800001 -0.40787768
2.1900001 -0.44000471
2.2 -0.47240248
2.21 -0.50521868
2.22 -0.53868359
2.23 -0.57250512
2.24 -0.60615277
2.25 -0.63941199
2.26 -0.6723907
2.27 -0.7051217
2.28 -0.7371884
2.29 -0.76807773
2.3 -0.79770648
2.3099999 -0.826168
2.3199999 -0.8532688
2.3299999 -0.87855446
2.3399999 -0.90173256
2.3499999 -0.92280483
2.3599999 -0.94173175
2.3699999 -0.95827037
2.3800001 -0.97215635
2.3900001 -0.98328412
2.4000001 -0.99166685
2.4100001 -0.99724168
2.4200001 -0.99988478
2.4300001 -0.99958116
2.4400001 -0.9963789
2.45 -0.99026847
2.46 -0.98125541
2.47 -0.9694804
2.48 -0.95512378
2.49 -0.93825388
2.5 -0.91887045
2.51 -0.89713651