0 -181444.75
0.16362195 -185915.95
0.3272391 -190521.38
0.49085629 -191212.67
0.65446842 -189573.3
0.81808823 -186809.88
0.98170125 -183559.23
1.1453208 -179975.77
1.3089427 -175914.88
1.4725528 -171407.8
1.6361755 -166436.58
1.7997898 -161026.17
1.9634092 -155112.8
2.1270289 -148700.27
2.2906406 -141851.48
2.4542546 -134485
2.6178753 -126608.26
2.7814956 -118252.6
2.9451094 -109443.79
3.108732 -100179.7
3.2723463 -90357.445
3.4359674 -80091.086
3.5995808 -69390.961
3.7631972 -58205.59
3.9268153 -46542.125
4.0904331 -34397.938
4.2540498 -21776.438
4.4176631 -8671.4473
4.5812845 4855.3135
4.7448988 18824.143
4.9085217 33353.344
5.0721354 48323.219
5.2357554 63734.707
5.3993759 79625.43
5.5629897 96033.461
5.7266016 112963.32
5.8902216 130336.37
6.0538411 148243.36
6.2174554 166692.17
6.3810782 185633.55
6.5446882 205154.2
6.7083101 225289.3
6.8719296 246129.11
7.0355425 267448.72
7.1991625 289147.53
7.3627748 311340.41
7.526392 335201.84
7.6900091 366160.13
7.853631 393180.56