4.772665253536111e-05
4.825953050356583e-05
4.8806319741739616e-05
4.9367586207851294e-05
4.994392718737141e-05
5.0535973496508763e-05
5.1144391874932694e-05
5.1769887586466515e-05
5.241320724807514e-05
5.307514191442213e-05
5.375653044037995e-05
5.445826315575263e-05
5.518128588393843e-05
5.592660434269511e-05
5.669528897261676e-05
5.7488480238049525e-05
5.8307394461073535e-05
5.9153330246499426e-05
6.002767557370289e-05
6.093191563295831e-05
6.186764150478624e-05
6.283655978255522e-05
6.384050326867787e-05
6.488144287950513e-05
6.596150092582446e-05
6.708296595559189e-05
6.824830937989868e-05
6.946020413523323e-05
7.072154567943469e-05
7.203547567070132e-05
7.340540873712405e-05
7.483506281616702e-05
7.63284936358515e-05
7.789013401109877e-05
7.952483875596322e-05
8.123793617589209e-05
8.303528728784798e-05
8.492335415917392e-05
8.690927904823468e-05
8.900097638380662e-05
9.120724009597486e-05
9.353786935548599e-05
9.600381652720434e-05
9.86173620493077e-05
0.00010139232213038376
0.00010434429668889416
0.00010749096692539224
0.00011085245452586668
0.000114451757912498
0.0001183152855336055
0.0001224735123497676
0.00012696179402716377
0.00013182138488389362
0.0001371007216387558
0.0001428570575992744
0.0001491585641691781
0.00015608706331883248
0.00016374162355850224
0.00017224335528198128
0.0001817418992992105
0.0001924243490652708
0.00020452774142474883
0.00021835689779662161
0.00023431049087864817
0.0002529201205130216
0.0002749106405990486
0.00030129651766132174
0.0003335419859196818
0.0003738400609300003
0.00042562683976475623
0.0004945968559410042
0.0005908844359077206
0.000734264255208073
0.0009681462499000279
0.0014005890112952673
0.002280751127458349
0.003697786726994531
0.005151266627452999
0.006417971340436024
0.007520590366490051
0.008500754793613724
0.009388503991123282
0.01020426612994318
0.010962251279074478
0.011672684599627937
0.012343164150472399
0.012979496490022006
0.013586226708746154
0.014166986040950446
0.01472472696092403
0.015261886708649999
0.015780503901093253
0.016282303872647765
0.016768760464566615
0.017241146176007218
0.017700567182764044
0.01814799248134131
0.018584276496175205
0.019010177131831167
0.01942637033927143
